Date,Open,High,Low,Close,Volume,Adj Close,Return
2009-12-30,1.21,1.22,1.19,1.21,1103600.0,0.884,
2010-01-04,1.21,1.21,1.2,1.21,654600.0,0.884,0.0
2010-01-05,1.21,1.21,1.2,1.2,774800.0,0.8767,-0.008258
2010-01-06,1.19,1.21,1.17,1.21,1351400.0,0.884,0.008327
2010-01-07,1.19,1.21,1.19,1.2,869100.0,0.8767,-0.008258
2010-01-08,1.2,1.2,1.18,1.2,1474100.0,0.8767,0.0
2010-01-11,1.2,1.2,1.19,1.2,578000.0,0.8767,0.0
2010-01-12,1.19,1.2,1.18,1.19,1784100.0,0.8694,-0.008327
2010-01-13,1.19,1.2,1.18,1.2,1421600.0,0.8767,0.008397
2010-01-14,1.2,1.24,1.18,1.19,10852200.0,0.8694,-0.008327
2010-01-15,1.19,1.2,1.18,1.19,2846800.0,0.8694,0.0
2010-01-18,1.19,1.19,1.18,1.18,519800.0,0.8621,-0.008397
2010-01-19,1.18,1.19,1.16,1.17,1312900.0,0.8548,-0.008468
2010-01-20,1.17,1.17,1.15,1.17,437000.0,0.8548,0.0
2010-01-21,1.17,1.17,1.11,1.11,1298100.0,0.811,-0.05124
2010-01-22,1.11,1.13,1.11,1.11,509000.0,0.811,0.0
2010-01-25,1.11,1.11,1.09,1.09,673200.0,0.7964,-0.018002
2010-01-26,1.1,1.11,1.09,1.1,257100.0,0.8037,0.009166
2010-01-27,1.11,1.11,1.06,1.06,448600.0,0.7745,-0.036332
2010-01-28,1.08,1.12,1.06,1.1,3609400.0,0.8037,0.037702
2010-01-29,1.11,1.12,1.1,1.1,1075500.0,0.8037,0.0
2010-02-01,1.11,1.12,1.09,1.11,592200.0,0.811,0.009083
2010-02-02,1.11,1.12,1.09,1.09,398000.0,0.7964,-0.018002
2010-02-03,1.1,1.11,1.09,1.1,347200.0,0.8037,0.009166
2010-02-04,1.1,1.1,1.09,1.1,178500.0,0.8037,0.0
2010-02-05,1.1,1.1,1.08,1.1,259300.0,0.8037,0.0
2010-02-08,1.1,1.1,1.07,1.1,260900.0,0.8037,0.0
2010-02-09,1.08,1.11,1.07,1.11,439500.0,0.811,0.009083
2010-02-10,1.12,1.12,1.1,1.12,452100.0,0.8183,0.009001
2010-02-11,1.12,1.12,1.1,1.11,405400.0,0.811,-0.008921
2010-02-12,1.11,1.12,1.09,1.11,130400.0,0.811,0.0
2010-02-15,1.11,1.11,1.09,1.1,196000.0,0.8037,-0.009001
2010-02-16,1.1,1.1,1.09,1.1,82700.0,0.8037,0.0
2010-02-17,1.1,1.1,1.08,1.1,1712600.0,0.8037,0.0
2010-02-18,1.1,1.1,1.09,1.1,541000.0,0.8037,0.0
2010-02-19,1.1,1.1,1.08,1.09,638400.0,0.7964,-0.009083
2010-02-22,1.1,1.11,1.09,1.1,673500.0,0.8037,0.009166
2010-02-23,1.1,1.1,1.09,1.1,447800.0,0.8037,0.0
2010-02-24,1.1,1.1,1.09,1.1,298600.0,0.8037,0.0
2010-02-25,1.1,1.11,1.09,1.09,779700.0,0.7964,-0.009083
2010-02-26,1.1,1.11,1.09,1.1,1064600.0,0.8037,0.009166
2010-03-02,1.1,1.36,1.1,1.27,84798000.0,0.9279,0.154535
2010-03-03,1.28,1.28,1.23,1.25,18237500.0,0.9133,-0.015734
2010-03-04,1.24,1.27,1.21,1.21,7284200.0,0.884,-0.032081
2010-03-05,1.22,1.22,1.12,1.12,7615100.0,0.8183,-0.074321
2010-03-08,1.13,1.14,1.11,1.11,3816000.0,0.811,-0.008921
2010-03-09,1.12,1.15,1.1,1.12,8874000.0,0.8183,0.009001
2010-03-10,1.12,1.13,1.11,1.11,1136200.0,0.811,-0.008921
2010-03-11,1.12,1.13,1.1,1.11,3052800.0,0.811,0.0
2010-03-12,1.1,1.12,1.09,1.1,1235600.0,0.8037,-0.009001
2010-03-15,1.09,1.12,1.09,1.12,4665600.0,0.8183,0.018166
2010-03-16,1.1,1.1,1.09,1.1,2488700.0,0.822,0.004522
2010-03-17,1.1,1.12,1.1,1.12,3586300.0,0.837,0.018248
2010-03-18,1.12,1.12,1.09,1.09,1915000.0,0.8146,-0.026762
2010-03-19,1.1,1.11,1.09,1.1,2759900.0,0.822,0.009084
2010-03-22,1.11,1.11,1.1,1.1,767900.0,0.822,0.0
2010-03-23,1.1,1.11,1.09,1.1,727700.0,0.822,0.0
2010-03-24,1.1,1.11,1.09,1.09,1100600.0,0.8146,-0.009002
2010-03-25,1.1,1.11,1.08,1.08,1374600.0,0.8071,-0.009207
2010-03-26,1.1,1.1,1.08,1.09,506100.0,0.8146,0.009293
2010-03-29,1.09,1.1,1.08,1.09,502000.0,0.8146,0.0
2010-03-30,1.08,1.1,1.08,1.1,524000.0,0.822,0.009084
2010-03-31,1.1,1.1,1.09,1.1,216000.0,0.822,0.0
2010-04-01,1.09,1.13,1.09,1.1,7966800.0,0.822,0.0
2010-04-02,1.1,1.11,1.1,1.11,2140400.0,0.8295,0.009124
2010-04-05,1.1,1.11,1.09,1.1,987100.0,0.822,-0.009042
2010-04-07,1.1,1.11,1.09,1.1,1231300.0,0.822,0.0
2010-04-08,1.09,1.1,1.07,1.08,1054400.0,0.8071,-0.018127
2010-04-09,1.08,1.08,1.06,1.08,490200.0,0.8071,0.0
2010-04-12,1.06,1.08,1.05,1.08,671200.0,0.8071,0.0
2010-04-16,1.08,1.08,1.06,1.08,770800.0,0.8071,0.0
2010-04-19,1.06,1.1,1.06,1.1,1391700.0,0.822,0.018461
2010-04-20,1.1,1.1,1.09,1.1,945600.0,0.822,0.0
2010-04-21,1.1,1.1,1.08,1.09,1086400.0,0.8146,-0.009002
2010-04-22,1.08,1.09,1.08,1.09,915000.0,0.8146,0.0
2010-04-23,1.09,1.09,1.08,1.09,511700.0,0.8146,0.0
2010-04-26,1.09,1.1,1.09,1.09,635400.0,0.8146,0.0
2010-04-27,1.09,1.1,1.08,1.09,361200.0,0.8146,0.0
2010-04-28,1.09,1.09,1.08,1.09,522700.0,0.8146,0.0
2010-04-29,1.09,1.1,1.08,1.09,626800.0,0.8146,0.0
2010-04-30,1.09,1.1,1.09,1.1,587100.0,0.822,0.009084
2010-05-04,1.1,1.11,1.09,1.1,1142000.0,0.822,0.0
2010-05-06,1.1,1.11,1.09,1.11,2328300.0,0.8295,0.009124
2010-05-07,1.11,1.11,1.1,1.11,762500.0,0.8295,0.0
2010-05-10,1.11,1.13,1.11,1.12,1593900.0,0.837,0.009042
2010-05-11,1.12,1.14,1.1,1.1,6253500.0,0.822,-0.017921
2010-05-12,1.07,1.08,1.05,1.08,4907400.0,0.8071,-0.018127
2010-05-13,1.08,1.09,1.06,1.08,1371100.0,0.8071,0.0
2010-05-14,1.08,1.09,1.08,1.09,555000.0,0.8146,0.009293
2010-05-17,1.06,1.09,1.06,1.07,431500.0,0.7996,-0.018414
2010-05-18,1.07,1.07,1.06,1.06,362200.0,0.7921,-0.00938
2010-05-19,1.07,1.07,1.05,1.07,146500.0,0.7996,0.009469
2010-05-24,1.08,1.08,1.07,1.07,387400.0,0.7996,0.0
2010-05-25,1.07,1.08,1.05,1.06,597800.0,0.7921,-0.00938
2010-05-26,1.06,1.07,1.05,1.06,1187700.0,0.7921,0.0
2010-05-27,1.05,1.08,1.04,1.08,3177200.0,0.8071,0.018937
2010-05-31,1.07,1.08,1.05,1.05,2142900.0,0.7847,-0.027754
2010-06-01,1.05,1.08,1.03,1.05,20330800.0,0.7847,0.0
2010-06-02,1.05,1.08,1.03,1.04,39945200.0,0.7772,-0.009558
2010-06-03,1.05,1.06,1.04,1.04,31561900.0,0.7772,0.0
2010-06-04,1.04,1.05,1.02,1.02,22928900.0,0.7622,-0.0193
2010-06-07,1.03,1.05,1.01,1.01,96998900.0,0.7548,-0.009709
2010-06-08,1.02,1.02,0.96,0.97,76295900.0,0.7249,-0.039613
2010-06-09,0.97,0.99,0.95,0.97,43727200.0,0.7249,0.0
2010-06-10,0.97,0.99,0.95,0.95,35353000.0,0.7099,-0.020693
2010-06-11,0.96,0.99,0.92,0.95,101093400.0,0.7099,0.0
2010-06-14,0.95,0.96,0.93,0.93,43051000.0,0.695,-0.020989
2010-06-15,0.94,0.97,0.91,0.94,80421700.0,0.7025,0.010791
2010-06-16,0.94,0.95,0.91,0.91,51648300.0,0.68,-0.032028
2010-06-17,0.92,0.93,0.88,0.9,28573700.0,0.6726,-0.010882
2010-06-18,0.9,0.91,0.89,0.91,30018000.0,0.68,0.011002
2010-06-21,0.92,0.92,0.89,0.9,23860300.0,0.6726,-0.010882
2010-06-22,0.9,0.91,0.9,0.9,17779600.0,0.6726,0.0
2010-06-23,0.9,0.91,0.89,0.9,8110400.0,0.6726,0.0
2010-06-24,0.9,0.91,0.89,0.89,43365400.0,0.6651,-0.011151
2010-06-25,0.89,0.89,0.87,0.89,14964600.0,0.6651,0.0
2010-06-28,0.89,0.89,0.88,0.89,41309200.0,0.6651,0.0
2010-06-29,0.89,0.89,0.86,0.88,31396500.0,0.6576,-0.011276
2010-06-30,0.88,0.89,0.87,0.89,16512600.0,0.6651,0.011405
2010-07-02,0.89,0.9,0.88,0.9,16553300.0,0.6726,0.011276
2010-07-05,0.9,0.91,0.89,0.9,17578900.0,0.6726,0.0
2010-07-06,0.89,0.91,0.89,0.9,8509900.0,0.6726,0.0
2010-07-07,0.9,0.9,0.88,0.88,16063400.0,0.6576,-0.022302
2010-07-08,0.88,0.89,0.86,0.86,8759100.0,0.6427,-0.022658
2010-07-09,0.87,0.87,0.86,0.87,7088800.0,0.6502,0.01167
2010-07-12,0.88,0.88,0.85,0.86,11518700.0,0.6427,-0.011535
2010-07-13,0.87,0.87,0.82,0.84,28089600.0,0.6277,-0.023339
2010-07-14,0.84,0.86,0.82,0.84,56924300.0,0.6277,0.0
2010-07-15,0.84,0.85,0.83,0.85,42782900.0,0.6352,0.011948
2010-07-16,0.84,0.85,0.83,0.83,12477400.0,0.6203,-0.023457
2010-07-19,0.83,0.84,0.8,0.81,20211700.0,0.6053,-0.024182
2010-07-20,0.81,0.82,0.79,0.81,20557400.0,0.6053,0.0
2010-07-21,0.81,0.82,0.8,0.81,16945000.0,0.6053,0.0
2010-07-22,0.81,0.82,0.8,0.8,17328100.0,0.5978,-0.012391
2010-07-23,0.81,0.82,0.79,0.8,26495900.0,0.5978,0.0
2010-07-27,0.8,0.81,0.8,0.8,13347000.0,0.5978,0.0
2010-07-28,0.8,0.83,0.8,0.8,85333600.0,0.5978,0.0
2010-07-29,0.8,0.81,0.79,0.8,28763400.0,0.5978,0.0
2010-07-30,0.8,0.81,0.79,0.8,20799700.0,0.5978,0.0
2010-08-02,0.8,0.81,0.79,0.8,9306000.0,0.5978,0.0
2010-08-03,0.8,0.81,0.79,0.81,7544900.0,0.6053,0.012546
2010-08-04,0.81,0.82,0.79,0.8,73357000.0,0.5978,-0.012391
2010-08-05,0.81,0.85,0.81,0.83,368059500.0,0.6203,0.037638
2010-08-06,0.85,0.88,0.85,0.87,469790300.0,0.6502,0.048202
2010-08-09,0.87,0.9,0.84,0.84,345476200.0,0.6277,-0.034605
2010-08-10,0.85,0.85,0.8,0.81,125659900.0,0.6053,-0.035686
2010-08-11,0.81,0.83,0.8,0.81,73279400.0,0.6053,0.0
2010-08-16,0.81,0.82,0.81,0.81,20725200.0,0.6053,0.0
2010-08-17,0.81,0.84,0.81,0.82,98693300.0,0.6128,0.012391
2010-08-18,0.83,0.84,0.82,0.82,55605500.0,0.6128,0.0
2010-08-19,0.82,0.83,0.81,0.82,62884800.0,0.6128,0.0
2010-08-20,0.82,0.85,0.82,0.83,148973700.0,0.6203,0.012239
2010-08-23,0.84,0.86,0.84,0.84,125516900.0,0.6277,0.01193
2010-08-24,0.85,0.88,0.85,0.88,273002700.0,0.6576,0.047634
2010-08-25,0.88,0.94,0.87,0.89,583991300.0,0.6651,0.011405
2010-08-26,0.91,0.92,0.88,0.9,158464600.0,0.6726,0.011276
2010-08-27,0.91,0.93,0.9,0.92,221559200.0,0.6875,0.022153
2010-08-30,0.93,0.94,0.9,0.9,234894200.0,0.6726,-0.021673
2010-08-31,0.91,0.91,0.85,0.87,140853800.0,0.6502,-0.033304
2010-09-01,0.87,0.88,0.85,0.85,112200600.0,0.6352,-0.02307
2010-09-02,0.85,0.86,0.84,0.85,68148600.0,0.6352,0.0
2010-09-03,0.85,0.87,0.84,0.87,114720200.0,0.6502,0.023615
2010-09-06,0.87,0.87,0.84,0.84,25018300.0,0.6277,-0.034605
2010-09-07,0.85,0.87,0.84,0.85,89637500.0,0.6352,0.011948
2010-09-08,0.84,0.86,0.83,0.83,71751500.0,0.6203,-0.023457
2010-09-09,0.83,0.84,0.79,0.8,168683600.0,0.5978,-0.036273
2010-09-10,0.81,0.81,0.78,0.8,39993000.0,0.5978,0.0
2010-09-13,0.8,0.81,0.79,0.8,34075200.0,0.5978,0.0
2010-09-14,0.8,0.8,0.76,0.77,175706900.0,0.5754,-0.037471
2010-09-15,0.77,0.79,0.77,0.77,103675600.0,0.5754,0.0
2010-09-16,0.78,0.78,0.76,0.78,61987800.0,0.5829,0.013034
2010-09-17,0.76,0.77,0.74,0.74,56179800.0,0.553,-0.051295
2010-09-20,0.74,0.75,0.71,0.72,39859700.0,0.5381,-0.026944
2010-09-21,0.72,0.72,0.68,0.68,57065200.0,0.5082,-0.055566
2010-09-22,0.68,0.7,0.67,0.7,71619500.0,0.5231,0.029319
2010-09-23,0.68,0.69,0.67,0.68,27186300.0,0.5082,-0.028484
2010-09-24,0.68,0.72,0.68,0.7,221052600.0,0.5231,0.029319
2010-09-27,0.71,0.76,0.71,0.73,260412200.0,0.5455,0.042822
2010-09-28,0.73,0.74,0.7,0.7,99319200.0,0.5231,-0.041063
2010-09-29,0.71,0.71,0.69,0.7,28410300.0,0.5231,0.0
2010-09-30,0.7,0.71,0.69,0.69,18003000.0,0.5156,-0.014338
2010-10-01,0.7,0.7,0.69,0.69,12085300.0,0.5156,0.0
2010-10-04,0.69,0.72,0.68,0.68,59250100.0,0.5082,-0.014352
2010-10-05,0.69,0.69,0.67,0.68,17816400.0,0.5082,0.0
2010-10-06,0.69,0.69,0.68,0.68,13372100.0,0.5082,0.0
2010-10-07,0.68,0.69,0.67,0.67,5978100.0,0.5007,-0.014758
2010-10-08,0.67,0.7,0.67,0.67,43166900.0,0.5007,0.0
2010-10-11,0.67,0.71,0.65,0.67,281774900.0,0.5007,0.0
2010-10-12,0.67,0.67,0.62,0.62,255143000.0,0.4633,-0.074695
2010-10-13,0.63,0.64,0.59,0.59,181049800.0,0.4409,-0.048349
2010-10-14,0.59,0.6,0.58,0.59,31305500.0,0.4409,0.0
2010-10-15,0.59,0.6,0.58,0.58,29208800.0,0.4334,-0.017011
2010-10-18,0.58,0.58,0.52,0.52,83080600.0,0.3886,-0.103369
2010-10-19,0.52,0.55,0.51,0.54,45821400.0,0.4035,0.038343
2010-10-20,0.53,0.55,0.53,0.54,8037800.0,0.4035,0.0
2010-10-21,0.54,0.55,0.54,0.54,13970700.0,0.4035,0.0
2010-10-22,0.54,0.57,0.52,0.52,119162900.0,0.3886,-0.036927
2010-10-26,0.52,0.53,0.52,0.52,10781800.0,0.3886,0.0
2010-10-27,0.53,0.54,0.52,0.53,16241600.0,0.3961,0.0193
2010-10-28,0.53,0.54,0.52,0.52,11912900.0,0.3886,-0.018935
2010-10-29,0.52,0.53,0.51,0.52,13320500.0,0.3886,0.0
2010-11-01,0.52,0.52,0.49,0.49,36041800.0,0.3662,-0.057643
2010-11-02,0.5,0.5,0.48,0.48,17645300.0,0.3587,-0.020481
2010-11-03,0.48,0.5,0.48,0.49,15708300.0,0.3662,0.020909
2010-11-04,0.49,0.5,0.48,0.48,7779100.0,0.3587,-0.020481
2010-11-05,0.49,0.5,0.47,0.47,20000500.0,0.3512,-0.020909
2010-11-08,0.47,0.48,0.46,0.47,20151600.0,0.3512,0.0
2010-11-09,0.46,0.47,0.45,0.46,17931200.0,0.3438,-0.021071
2010-11-10,0.46,0.47,0.45,0.45,10564200.0,0.3363,-0.021815
2010-11-11,0.45,0.46,0.44,0.44,15974900.0,0.3288,-0.022302
2010-11-12,0.44,0.46,0.43,0.46,45519900.0,0.3438,0.04562
2010-11-15,0.47,0.52,0.46,0.52,129441800.0,0.3886,0.130308
2010-11-16,0.52,0.54,0.51,0.54,178290700.0,0.4035,0.038343
2010-11-17,0.54,0.54,0.51,0.52,28905200.0,0.3886,-0.036927
2010-11-18,0.52,0.55,0.51,0.55,114383000.0,0.411,0.057643
2010-11-19,0.56,0.59,0.55,0.55,165738400.0,0.411,0.0
2010-11-22,0.56,0.56,0.53,0.54,29790600.0,0.4035,-0.018248
2010-11-23,0.54,0.55,0.52,0.52,19755300.0,0.3886,-0.036927
2010-11-24,0.52,0.54,0.52,0.52,17912700.0,0.3886,0.0
2010-11-25,0.53,0.53,0.52,0.52,9295600.0,0.3886,0.0
2010-11-26,0.53,0.55,0.52,0.53,38314600.0,0.3961,0.0193
2010-11-29,0.53,0.56,0.53,0.55,21386100.0,0.411,0.037617
2010-11-30,0.55,0.6,0.55,0.57,184020500.0,0.426,0.036496
2010-12-01,0.57,0.61,0.57,0.57,220621400.0,0.426,0.0
2010-12-02,0.58,0.59,0.56,0.56,31822400.0,0.4185,-0.017606
2010-12-03,0.57,0.57,0.55,0.56,9129200.0,0.4185,0.0
2010-12-07,0.56,0.57,0.55,0.56,10911200.0,0.4185,0.0
2010-12-08,0.56,0.56,0.54,0.55,10421500.0,0.411,-0.017921
2010-12-09,0.55,0.56,0.55,0.55,8355600.0,0.411,0.0
2010-12-13,0.55,0.57,0.51,0.53,87464100.0,0.3961,-0.036253
2010-12-14,0.52,0.54,0.5,0.5,107168400.0,0.3736,-0.056804
2010-12-15,0.5,0.51,0.47,0.47,119136400.0,0.3512,-0.059957
2010-12-16,0.48,0.48,0.47,0.47,15945300.0,0.3512,0.0
2010-12-17,0.48,0.49,0.47,0.48,21027400.0,0.3587,0.021355
2010-12-20,0.48,0.49,0.47,0.48,10438400.0,0.3587,0.0
2010-12-21,0.49,0.49,0.47,0.47,4914100.0,0.3512,-0.020909
2010-12-22,0.48,0.49,0.47,0.49,4363000.0,0.3662,0.042711
2010-12-23,0.48,0.49,0.48,0.48,2787300.0,0.3587,-0.020481
2010-12-24,0.48,0.49,0.48,0.48,4732500.0,0.3587,0.0
2010-12-27,0.48,0.5,0.48,0.49,17848400.0,0.3662,0.020909
2010-12-28,0.5,0.5,0.49,0.49,5819400.0,0.3662,0.0
2010-12-29,0.49,0.5,0.48,0.48,4533400.0,0.3587,-0.020481
2010-12-30,0.49,0.5,0.48,0.49,3857000.0,0.3662,0.020909
2011-01-04,0.49,0.5,0.49,0.49,3951000.0,0.3662,0.0
2011-01-05,0.49,0.51,0.48,0.48,99261700.0,0.3587,-0.020481
2011-01-06,0.49,0.49,0.47,0.47,28671200.0,0.3512,-0.020909
2011-01-07,0.47,0.48,0.46,0.46,15466200.0,0.3438,-0.021071
2011-01-10,0.46,0.47,0.45,0.46,12512900.0,0.3438,0.0
2011-01-11,0.45,0.46,0.45,0.46,11890900.0,0.3438,0.0
2011-01-12,0.46,0.46,0.45,0.45,11990300.0,0.3363,-0.021815
2011-01-13,0.45,0.46,0.45,0.46,12765100.0,0.3438,0.022302
2011-01-14,0.45,0.46,0.45,0.45,10363400.0,0.3363,-0.021815
2011-01-17,0.45,0.46,0.45,0.45,3240200.0,0.3363,0.0
2011-01-18,0.45,0.46,0.44,0.45,4176600.0,0.3363,0.0
2011-01-19,0.45,0.46,0.45,0.45,4708700.0,0.3363,0.0
2011-01-20,0.45,0.45,0.44,0.45,5529600.0,0.3363,0.0
2011-01-21,0.44,0.45,0.44,0.44,9069600.0,0.3288,-0.022302
2011-01-24,0.44,0.44,0.41,0.41,21398200.0,0.3064,-0.068127
2011-01-25,0.41,0.42,0.39,0.39,16078600.0,0.2914,-0.048956
2011-01-26,0.4,0.42,0.39,0.41,14549000.0,0.3064,0.051476
2011-01-27,0.42,0.42,0.41,0.41,2878800.0,0.3064,0.0
2011-01-28,0.41,0.43,0.4,0.43,16809800.0,0.3213,0.048629
2011-01-31,0.42,0.42,0.41,0.41,5129200.0,0.3064,-0.046374
2011-02-01,0.41,0.41,0.4,0.4,9403800.0,0.2989,-0.024478
2011-02-02,0.4,0.41,0.4,0.4,5742400.0,0.2989,0.0
2011-02-03,0.4,0.42,0.4,0.41,6900600.0,0.3064,0.025092
2011-02-04,0.41,0.42,0.4,0.4,21732500.0,0.2989,-0.024478
2011-02-07,0.4,0.4,0.4,0.4,5410200.0,0.2989,0.0
2011-02-08,0.4,0.4,0.39,0.4,13220400.0,0.2989,0.0
2011-02-09,0.4,0.41,0.39,0.39,7029400.0,0.2914,-0.025092
2011-02-10,0.39,0.4,0.38,0.39,7783100.0,0.2914,0.0
2011-02-11,0.39,0.4,0.39,0.39,3354600.0,0.2914,0.0
2011-02-14,0.4,0.4,0.39,0.4,7466500.0,0.2989,0.025738
2011-02-15,0.4,0.4,0.39,0.4,2473200.0,0.2989,0.0
2011-02-16,0.4,0.4,0.39,0.39,11438700.0,0.2914,-0.025092
2011-02-17,0.39,0.4,0.39,0.39,7952200.0,0.2914,0.0
2011-02-21,0.39,0.4,0.38,0.39,3517200.0,0.2914,0.0
2011-02-22,0.39,0.4,0.38,0.39,4195700.0,0.2914,0.0
2011-02-23,0.39,0.4,0.39,0.39,3032500.0,0.2914,0.0
2011-02-24,0.39,0.39,0.38,0.38,6316400.0,0.284,-0.025395
2011-02-25,0.38,0.39,0.38,0.38,4317500.0,0.284,0.0
2011-02-28,0.38,0.39,0.38,0.38,3305000.0,0.284,0.0
2011-03-01,0.39,0.39,0.38,0.38,6758000.0,0.284,0.0
2011-03-02,0.39,0.39,0.37,0.38,5990600.0,0.284,0.0
2011-03-03,0.38,0.39,0.38,0.39,2780700.0,0.2914,0.026056
2011-03-04,0.38,0.39,0.38,0.38,7421500.0,0.284,-0.025395
2011-03-07,0.39,0.39,0.38,0.38,2140400.0,0.284,0.0
2011-03-08,0.39,0.41,0.38,0.39,35558200.0,0.2914,0.026056
2011-03-09,0.39,0.4,0.39,0.4,4985500.0,0.2989,0.025738
2011-03-10,0.4,0.4,0.39,0.4,3879500.0,0.2989,0.0
2011-03-11,0.4,0.4,0.39,0.39,39305200.0,0.2914,-0.025092
2011-03-14,0.39,0.4,0.39,0.39,1251900.0,0.2914,0.0
2011-03-15,0.39,0.4,0.38,0.4,14576900.0,0.2989,0.025738
2011-03-16,0.4,0.41,0.39,0.4,14734200.0,0.2989,0.0
2011-03-17,0.4,0.41,0.39,0.39,18850800.0,0.2914,-0.025092
2011-03-21,0.4,0.4,0.39,0.4,12070200.0,0.2989,0.025738
2011-03-22,0.38,0.39,0.38,0.39,7848800.0,0.3048,0.019739
2011-03-23,0.39,0.39,0.39,0.39,6713600.0,0.3048,0.0
2011-03-24,0.39,0.39,0.37,0.38,39749000.0,0.297,-0.025591
2011-03-25,0.38,0.39,0.37,0.37,10800600.0,0.2892,-0.026263
2011-03-28,0.38,0.39,0.37,0.38,10655100.0,0.297,0.026971
2011-03-29,0.38,0.39,0.38,0.38,3525200.0,0.297,0.0
2011-03-30,0.39,0.39,0.38,0.38,2912700.0,0.297,0.0
2011-03-31,0.38,0.39,0.38,0.38,14706300.0,0.297,0.0
2011-04-01,0.39,0.39,0.38,0.38,21879000.0,0.297,0.0
2011-04-04,0.38,0.39,0.38,0.38,43775600.0,0.297,0.0
2011-04-05,0.39,0.39,0.38,0.38,5319700.0,0.297,0.0
2011-04-07,0.38,0.39,0.38,0.38,10399400.0,0.297,0.0
2011-04-08,0.38,0.39,0.38,0.38,5720800.0,0.297,0.0
2011-04-11,0.39,0.39,0.38,0.38,3442500.0,0.297,0.0
2011-04-12,0.38,0.39,0.38,0.38,3313400.0,0.297,0.0
2011-04-18,0.38,0.4,0.38,0.39,33052100.0,0.3048,0.026263
2011-04-19,0.4,0.42,0.39,0.41,96565900.0,0.3204,0.051181
2011-04-20,0.42,0.47,0.41,0.45,235021200.0,0.3517,0.09769
2011-04-21,0.47,0.48,0.45,0.45,126558400.0,0.3517,0.0
2011-04-22,0.46,0.47,0.43,0.43,67416900.0,0.336,-0.04464
2011-04-25,0.44,0.45,0.43,0.44,53871300.0,0.3439,0.023512
2011-04-26,0.45,0.45,0.43,0.43,45893200.0,0.336,-0.022972
2011-04-27,0.43,0.44,0.43,0.43,49962500.0,0.336,0.0
2011-04-28,0.44,0.44,0.42,0.42,20432600.0,0.3282,-0.023214
2011-04-29,0.42,0.43,0.41,0.42,12084700.0,0.3282,0.0
2011-05-03,0.42,0.42,0.39,0.4,34133400.0,0.3126,-0.047532
2011-05-04,0.39,0.41,0.39,0.4,10368500.0,0.3126,0.0
2011-05-06,0.4,0.41,0.39,0.4,15031700.0,0.3126,0.0
2011-05-09,0.4,0.41,0.4,0.41,5017000.0,0.3204,0.024952
2011-05-10,0.41,0.41,0.4,0.4,7964600.0,0.3126,-0.024345
2011-05-11,0.41,0.42,0.4,0.41,13411600.0,0.3204,0.024952
2011-05-12,0.41,0.42,0.41,0.41,6002700.0,0.3204,0.0
2011-05-13,0.41,0.42,0.41,0.41,6234900.0,0.3204,0.0
2011-05-18,0.41,0.41,0.4,0.4,6276900.0,0.3126,-0.024345
2011-05-19,0.4,0.41,0.4,0.4,11928900.0,0.3126,0.0
2011-05-20,0.4,0.42,0.4,0.41,14033500.0,0.3204,0.024952
2011-05-23,0.41,0.42,0.41,0.41,13411200.0,0.3204,0.0
2011-05-24,0.41,0.41,0.4,0.41,7757400.0,0.3204,0.0
2011-05-25,0.41,0.41,0.4,0.4,9463600.0,0.3126,-0.024345
2011-05-26,0.41,0.41,0.39,0.39,5645400.0,0.3048,-0.024952
2011-05-27,0.39,0.41,0.39,0.4,7053700.0,0.3126,0.025591
2011-05-30,0.4,0.4,0.39,0.39,3137400.0,0.3048,-0.024952
2011-05-31,0.4,0.4,0.39,0.4,2278300.0,0.3126,0.025591
2011-06-01,0.4,0.41,0.39,0.39,8473200.0,0.3048,-0.024952
2011-06-02,0.39,0.41,0.39,0.4,7994500.0,0.3126,0.025591
2011-06-03,0.4,0.4,0.39,0.4,2442000.0,0.3126,0.0
2011-06-06,0.4,0.4,0.39,0.39,21954900.0,0.3048,-0.024952
2011-06-07,0.39,0.4,0.38,0.38,7487700.0,0.297,-0.025591
2011-06-08,0.38,0.39,0.37,0.38,11593300.0,0.297,0.0
2011-06-09,0.38,0.38,0.37,0.38,8112900.0,0.297,0.0
2011-06-10,0.38,0.39,0.37,0.38,4596800.0,0.297,0.0
2011-06-13,0.38,0.38,0.37,0.37,9661300.0,0.2892,-0.026263
2011-06-14,0.37,0.38,0.37,0.37,1818700.0,0.2892,0.0
2011-06-15,0.38,0.38,0.37,0.38,5492900.0,0.297,0.026971
2011-06-16,0.37,0.38,0.37,0.37,7266200.0,0.2892,-0.026263
2011-06-17,0.38,0.38,0.37,0.37,7259800.0,0.2892,0.0
2011-06-20,0.38,0.38,0.37,0.37,2925600.0,0.2892,0.0
2011-06-21,0.37,0.38,0.37,0.37,2751600.0,0.2892,0.0
2011-06-22,0.37,0.38,0.37,0.37,4532900.0,0.2892,0.0
2011-06-23,0.37,0.4,0.37,0.38,39368000.0,0.297,0.026971
2011-06-24,0.38,0.39,0.37,0.37,11076000.0,0.2892,-0.026263
2011-06-27,0.38,0.38,0.36,0.36,27983800.0,0.2813,-0.027317
2011-06-28,0.36,0.38,0.36,0.36,17469200.0,0.2813,0.0
2011-06-29,0.37,0.38,0.37,0.37,9733100.0,0.2892,0.028084
2011-06-30,0.37,0.4,0.37,0.38,40136700.0,0.297,0.026971
2011-07-04,0.4,0.43,0.4,0.41,109165900.0,0.3204,0.078788
2011-07-05,0.42,0.42,0.4,0.4,37665700.0,0.3126,-0.024345
2011-07-06,0.4,0.41,0.39,0.39,17965300.0,0.3048,-0.024952
2011-07-07,0.39,0.41,0.39,0.4,19467700.0,0.3126,0.025591
2011-07-08,0.4,0.41,0.39,0.4,6100600.0,0.3126,0.0
2011-07-11,0.4,0.41,0.4,0.4,9433900.0,0.3126,0.0
2011-07-12,0.4,0.4,0.39,0.39,7228500.0,0.3048,-0.024952
2011-07-13,0.39,0.41,0.39,0.4,8149200.0,0.3126,0.025591
2011-07-14,0.4,0.41,0.4,0.4,7829400.0,0.3126,0.0
2011-07-18,0.4,0.41,0.4,0.4,7345500.0,0.3126,0.0
2011-07-19,0.4,0.41,0.39,0.41,15755100.0,0.3204,0.024952
2011-07-20,0.41,0.41,0.4,0.4,14099500.0,0.3126,-0.024345
2011-07-21,0.4,0.41,0.4,0.4,6143400.0,0.3126,0.0
2011-07-22,0.41,0.41,0.4,0.4,3934200.0,0.3126,0.0
2011-07-25,0.4,0.41,0.4,0.4,8716400.0,0.3126,0.0
2011-07-26,0.4,0.41,0.39,0.39,5372100.0,0.3048,-0.024952
2011-07-27,0.4,0.41,0.39,0.4,9567600.0,0.3126,0.025591
2011-07-28,0.4,0.41,0.4,0.4,5999000.0,0.3126,0.0
2011-07-29,0.4,0.43,0.4,0.41,125474400.0,0.3204,0.024952
2011-08-01,0.42,0.43,0.41,0.41,13150700.0,0.3204,0.0
2011-08-02,0.41,0.46,0.41,0.46,263085800.0,0.3595,0.122035
2011-08-03,0.46,0.49,0.46,0.47,357828800.0,0.3673,0.021697
2011-08-04,0.48,0.49,0.46,0.46,123327900.0,0.3595,-0.021236
2011-08-05,0.44,0.45,0.43,0.44,86536500.0,0.3439,-0.043394
2011-08-08,0.43,0.45,0.43,0.44,40437100.0,0.3439,0.0
2011-08-09,0.43,0.44,0.41,0.41,53693200.0,0.3204,-0.068334
2011-08-10,0.43,0.43,0.41,0.41,48369000.0,0.3204,0.0
2011-08-11,0.42,0.43,0.42,0.42,38809500.0,0.3282,0.024345
2011-08-15,0.42,0.43,0.41,0.42,29095000.0,0.3282,0.0
2011-08-16,0.42,0.43,0.41,0.41,18749700.0,0.3204,-0.023766
2011-08-17,0.41,0.44,0.41,0.43,40598300.0,0.336,0.048689
2011-08-18,0.43,0.44,0.42,0.42,22183100.0,0.3282,-0.023214
2011-08-19,0.42,0.46,0.41,0.45,190183600.0,0.3517,0.071603
2011-08-22,0.46,0.46,0.39,0.4,258430800.0,0.3126,-0.111174
2011-08-23,0.41,0.42,0.37,0.38,224786200.0,0.297,-0.049904
2011-08-24,0.38,0.39,0.37,0.37,43757700.0,0.2892,-0.026263
2011-08-25,0.38,0.38,0.32,0.33,133118100.0,0.2579,-0.10823
2011-08-26,0.32,0.34,0.31,0.33,46388600.0,0.2579,0.0
2011-08-29,0.34,0.34,0.33,0.33,13842300.0,0.2579,0.0
2011-08-30,0.34,0.35,0.33,0.33,34720900.0,0.2579,0.0
2011-08-31,0.33,0.34,0.33,0.34,10217200.0,0.2657,0.030244
2011-09-01,0.34,0.35,0.33,0.33,8830500.0,0.2579,-0.029356
2011-09-02,0.34,0.35,0.33,0.34,9470300.0,0.2657,0.030244
2011-09-05,0.34,0.35,0.33,0.34,10438100.0,0.2657,0.0
2011-09-06,0.34,0.35,0.33,0.34,9354600.0,0.2657,0.0
2011-09-07,0.34,0.36,0.34,0.36,36994000.0,0.2813,0.058713
2011-09-08,0.36,0.36,0.33,0.34,82576200.0,0.2657,-0.055457
2011-09-09,0.34,0.35,0.33,0.33,12193400.0,0.2579,-0.029356
2011-09-12,0.34,0.34,0.33,0.33,6805200.0,0.2579,0.0
2011-09-13,0.33,0.34,0.32,0.32,16536500.0,0.2501,-0.030244
2011-09-14,0.33,0.33,0.32,0.32,7231300.0,0.2501,0.0
2011-09-15,0.33,0.33,0.32,0.33,5517100.0,0.2579,0.031188
2011-09-16,0.33,0.34,0.32,0.33,12289000.0,0.2579,0.0
2011-09-19,0.33,0.33,0.32,0.32,2316600.0,0.2501,-0.030244
2011-09-20,0.32,0.33,0.31,0.32,17037500.0,0.2501,0.0
2011-09-21,0.32,0.33,0.31,0.32,3051800.0,0.2501,0.0
2011-09-22,0.32,0.32,0.29,0.29,31426900.0,0.2266,-0.093962
2011-09-23,0.28,0.29,0.27,0.28,46684700.0,0.2188,-0.034422
2011-09-26,0.28,0.28,0.24,0.26,35279300.0,0.2032,-0.071298
2011-09-27,0.26,0.27,0.25,0.27,11586100.0,0.211,0.038386
2011-09-28,0.27,0.28,0.25,0.27,45859500.0,0.211,0.0
2011-09-29,0.26,0.28,0.26,0.27,9671400.0,0.211,0.0
2011-09-30,0.27,0.29,0.26,0.27,25922000.0,0.211,0.0
2011-10-03,0.27,0.27,0.23,0.23,51522700.0,0.1797,-0.148341
2011-10-04,0.23,0.25,0.22,0.24,25541600.0,0.1876,0.043962
2011-10-05,0.24,0.25,0.23,0.24,12126900.0,0.1876,0.0
2011-10-06,0.24,0.26,0.24,0.25,19163400.0,0.1954,0.041578
2011-10-07,0.26,0.26,0.24,0.25,8434000.0,0.1954,0.0
2011-10-10,0.24,0.25,0.24,0.24,5047200.0,0.1876,-0.039918
2011-10-11,0.25,0.26,0.25,0.25,13157700.0,0.1954,0.041578
2011-10-12,0.25,0.26,0.24,0.26,1531800.0,0.2032,0.039918
2011-10-13,0.25,0.26,0.25,0.25,5937300.0,0.1954,-0.038386
2011-10-14,0.25,0.26,0.25,0.26,638700.0,0.2032,0.039918
2011-10-17,0.26,0.27,0.26,0.26,20959800.0,0.2032,0.0
2011-10-18,0.26,0.26,0.25,0.25,2310900.0,0.1954,-0.038386
2011-10-19,0.25,0.26,0.24,0.25,7160200.0,0.1954,0.0
2011-10-20,0.25,0.25,0.23,0.24,6231700.0,0.1876,-0.039918
2011-10-21,0.23,0.25,0.23,0.24,887100.0,0.1876,0.0
2011-10-25,0.24,0.25,0.24,0.25,1701500.0,0.1954,0.041578
2011-10-26,0.24,0.25,0.24,0.24,2042800.0,0.1876,-0.039918
2011-10-27,0.24,0.25,0.24,0.25,2157700.0,0.1954,0.041578
2011-10-28,0.25,0.26,0.25,0.25,14625000.0,0.1954,0.0
2011-10-31,0.25,0.26,0.25,0.25,914300.0,0.1954,0.0
2011-11-01,0.25,0.26,0.25,0.25,5833200.0,0.1954,0.0
2011-11-02,0.25,0.26,0.25,0.25,5371500.0,0.1954,0.0
2011-11-03,0.26,0.26,0.25,0.26,3985300.0,0.2032,0.039918
2011-11-04,0.26,0.26,0.25,0.25,4546800.0,0.1954,-0.038386
2011-11-07,0.25,0.26,0.25,0.25,1087600.0,0.1954,0.0
2011-11-08,0.26,0.26,0.25,0.26,1653800.0,0.2032,0.039918
2011-11-09,0.25,0.27,0.24,0.25,47207000.0,0.1954,-0.038386
2011-11-10,0.25,0.26,0.24,0.26,10417500.0,0.2032,0.039918
2011-11-11,0.25,0.26,0.25,0.25,784300.0,0.1954,-0.038386
2011-11-14,0.26,0.26,0.25,0.25,1103500.0,0.1954,0.0
2011-11-15,0.25,0.26,0.25,0.25,2884000.0,0.1954,0.0
2011-11-16,0.26,0.26,0.25,0.25,3364500.0,0.1954,0.0
2011-11-17,0.25,0.27,0.25,0.27,32743000.0,0.211,0.079836
2011-11-18,0.26,0.27,0.26,0.26,2766400.0,0.2032,-0.036967
2011-11-21,0.26,0.27,0.25,0.26,6987600.0,0.2032,0.0
2011-11-22,0.26,0.26,0.25,0.26,7481000.0,0.2032,0.0
2011-11-23,0.26,0.26,0.25,0.26,1109400.0,0.2032,0.0
2011-11-24,0.26,0.26,0.25,0.26,13085100.0,0.2032,0.0
2011-11-25,0.26,0.27,0.25,0.26,4623500.0,0.2032,0.0
2011-11-28,0.26,0.26,0.26,0.26,1785000.0,0.2032,0.0
2011-11-29,0.26,0.27,0.25,0.27,1402600.0,0.211,0.038386
2011-11-30,0.27,0.27,0.26,0.27,7810000.0,0.211,0.0
2011-12-01,0.27,0.27,0.26,0.27,752700.0,0.211,0.0
2011-12-02,0.27,0.27,0.26,0.27,9192800.0,0.211,0.0
2011-12-06,0.26,0.27,0.26,0.27,1541700.0,0.211,0.0
2011-12-07,0.26,0.27,0.26,0.26,5299900.0,0.2032,-0.036967
2011-12-08,0.26,0.27,0.26,0.27,12130200.0,0.211,0.038386
2011-12-09,0.27,0.29,0.27,0.27,36559900.0,0.211,0.0
2011-12-13,0.28,0.28,0.27,0.27,4495900.0,0.211,0.0
2011-12-14,0.27,0.28,0.26,0.27,14701100.0,0.211,0.0
2011-12-15,0.26,0.27,0.26,0.27,3922000.0,0.211,0.0
2011-12-16,0.27,0.27,0.27,0.27,7562800.0,0.211,0.0
2011-12-19,0.27,0.27,0.27,0.27,3726100.0,0.211,0.0
2011-12-20,0.27,0.28,0.27,0.27,3962200.0,0.211,0.0
2011-12-21,0.27,0.28,0.26,0.27,4261500.0,0.211,0.0
2011-12-22,0.27,0.28,0.27,0.27,4504300.0,0.211,0.0
2011-12-23,0.27,0.28,0.27,0.28,2185100.0,0.2188,0.036967
2011-12-26,0.28,0.31,0.28,0.29,91969900.0,0.2266,0.035649
2011-12-27,0.29,0.29,0.28,0.28,7466000.0,0.2188,-0.034422
2011-12-28,0.28,0.29,0.27,0.28,8433000.0,0.2188,0.0
2011-12-29,0.28,0.29,0.28,0.28,7277200.0,0.2188,0.0
2011-12-30,0.28,0.28,0.27,0.28,3278500.0,0.2188,0.0
2012-01-04,0.28,0.29,0.27,0.28,6124800.0,0.2188,0.0
2012-01-05,0.28,0.28,0.28,0.28,2843000.0,0.2188,0.0
2012-01-06,0.28,0.28,0.28,0.28,1791300.0,0.2188,0.0
2012-01-09,0.29,0.29,0.28,0.28,2768300.0,0.2188,0.0
2012-01-10,0.28,0.29,0.28,0.28,4569900.0,0.2188,0.0
2012-01-11,0.28,0.29,0.27,0.27,3667300.0,0.211,-0.035649
2012-01-12,0.28,0.29,0.27,0.27,8187300.0,0.211,0.0
2012-01-13,0.28,0.3,0.28,0.29,59774700.0,0.2266,0.073934
2012-01-16,0.29,0.3,0.28,0.29,3589400.0,0.2266,0.0
2012-01-17,0.29,0.31,0.29,0.29,16861600.0,0.2266,0.0
2012-01-18,0.3,0.3,0.29,0.29,4981400.0,0.2266,0.0
2012-01-19,0.29,0.3,0.29,0.29,7718300.0,0.2266,0.0
2012-01-20,0.3,0.3,0.29,0.29,4823200.0,0.2266,0.0
2012-01-23,0.3,0.3,0.29,0.29,2717200.0,0.2266,0.0
2012-01-24,0.29,0.3,0.28,0.28,2933600.0,0.2188,-0.034422
2012-01-25,0.29,0.29,0.28,0.28,3581700.0,0.2188,0.0
2012-01-26,0.28,0.29,0.28,0.29,1962600.0,0.2266,0.035649
2012-01-27,0.29,0.29,0.28,0.29,4234000.0,0.2266,0.0
2012-01-30,0.3,0.3,0.28,0.29,3828700.0,0.2266,0.0
2012-01-31,0.29,0.31,0.29,0.29,15197300.0,0.2266,0.0
2012-02-01,0.3,0.31,0.29,0.3,25410600.0,0.2344,0.034422
2012-02-02,0.31,0.32,0.3,0.31,24852900.0,0.2423,0.033703
2012-02-03,0.31,0.32,0.3,0.31,13094200.0,0.2423,0.0
2012-02-06,0.31,0.32,0.3,0.31,17001200.0,0.2423,0.0
2012-02-07,0.32,0.33,0.31,0.32,63825000.0,0.2501,0.032191
2012-02-08,0.32,0.32,0.31,0.31,24615400.0,0.2423,-0.031188
2012-02-09,0.32,0.32,0.31,0.31,4093200.0,0.2423,0.0
2012-02-10,0.31,0.33,0.31,0.32,24375400.0,0.2501,0.032191
2012-02-13,0.32,0.33,0.32,0.32,9237900.0,0.2501,0.0
2012-02-14,0.32,0.33,0.31,0.32,21362500.0,0.2501,0.0
2012-02-15,0.33,0.34,0.32,0.33,62431300.0,0.2579,0.031188
2012-02-16,0.34,0.34,0.32,0.33,11649900.0,0.2579,0.0
2012-02-17,0.33,0.34,0.32,0.33,22605300.0,0.2579,0.0
2012-02-20,0.33,0.35,0.33,0.33,47167800.0,0.2579,0.0
2012-02-21,0.34,0.35,0.33,0.34,11563300.0,0.2657,0.030244
2012-02-22,0.35,0.35,0.34,0.34,21732800.0,0.2657,0.0
2012-02-23,0.34,0.35,0.33,0.34,10866100.0,0.2657,0.0
2012-02-24,0.34,0.34,0.33,0.34,18876400.0,0.2657,0.0
2012-02-27,0.34,0.36,0.34,0.35,33747200.0,0.2735,0.029356
2012-02-28,0.35,0.36,0.35,0.35,15972100.0,0.2735,0.0
2012-02-29,0.35,0.36,0.35,0.35,25265200.0,0.2735,0.0
2012-03-01,0.35,0.37,0.35,0.36,34522200.0,0.2813,0.028519
2012-03-02,0.36,0.39,0.36,0.39,114635300.0,0.3048,0.083541
2012-03-05,0.39,0.4,0.38,0.38,32175500.0,0.297,-0.025591
2012-03-06,0.38,0.39,0.38,0.38,9570900.0,0.297,0.0
2012-03-08,0.38,0.41,0.38,0.4,103337500.0,0.3126,0.052525
2012-03-09,0.4,0.4,0.38,0.38,104188000.0,0.297,-0.049904
2012-03-12,0.38,0.39,0.37,0.38,16036900.0,0.297,0.0
2012-03-13,0.37,0.38,0.37,0.37,6148800.0,0.2892,-0.026263
2012-03-14,0.37,0.38,0.37,0.37,2849600.0,0.2892,0.0
2012-03-15,0.37,0.38,0.37,0.37,6334300.0,0.2892,0.0
2012-03-16,0.37,0.38,0.37,0.37,8718800.0,0.2892,0.0
2012-03-19,0.37,0.38,0.37,0.38,6762300.0,0.297,0.026971
2012-03-20,0.37,0.38,0.37,0.37,12662900.0,0.2892,-0.026263
2012-03-21,0.37,0.38,0.37,0.37,6111000.0,0.2931,0.013485
2012-03-22,0.37,0.38,0.37,0.37,5161900.0,0.2931,0.0
2012-03-23,0.37,0.38,0.37,0.38,14732800.0,0.301,0.026953
2012-03-26,0.38,0.38,0.37,0.37,3126800.0,0.2931,-0.026246
2012-03-27,0.37,0.38,0.37,0.37,810900.0,0.2931,0.0
2012-03-28,0.37,0.38,0.36,0.36,20619600.0,0.2852,-0.026953
2012-03-29,0.36,0.36,0.35,0.35,10222500.0,0.2773,-0.0277
2012-03-30,0.36,0.37,0.35,0.37,35905800.0,0.2931,0.056978
2012-04-02,0.36,0.37,0.36,0.37,3760100.0,0.2931,0.0
2012-04-03,0.36,0.36,0.36,0.36,1348700.0,0.2852,-0.026953
2012-04-04,0.37,0.39,0.34,0.38,97023400.0,0.301,0.0554
2012-04-05,0.37,0.39,0.37,0.38,24962600.0,0.301,0.0
2012-04-10,0.37,0.39,0.37,0.37,53013900.0,0.2931,-0.026246
2012-04-11,0.38,0.38,0.37,0.37,1342200.0,0.2931,0.0
2012-04-12,0.38,0.39,0.38,0.38,6290800.0,0.301,0.026953
2012-04-17,0.38,0.39,0.38,0.38,14446100.0,0.301,0.0
2012-04-18,0.39,0.4,0.39,0.39,39895600.0,0.309,0.026578
2012-04-19,0.4,0.4,0.39,0.39,8554200.0,0.309,0.0
2012-04-20,0.39,0.4,0.38,0.39,8986400.0,0.309,0.0
2012-04-23,0.4,0.4,0.39,0.39,46873900.0,0.309,0.0
2012-04-24,0.39,0.4,0.39,0.39,1768200.0,0.309,0.0
2012-04-25,0.4,0.4,0.39,0.39,2408400.0,0.309,0.0
2012-04-26,0.4,0.4,0.39,0.4,4728600.0,0.3169,0.025566
2012-04-27,0.39,0.4,0.39,0.4,6942700.0,0.3169,0.0
2012-04-30,0.39,0.39,0.38,0.39,22452900.0,0.309,-0.024929
2012-05-02,0.39,0.39,0.37,0.38,8141900.0,0.301,-0.02589
2012-05-03,0.38,0.38,0.37,0.37,3788200.0,0.2931,-0.026246
2012-05-04,0.37,0.37,0.36,0.37,5042900.0,0.2931,0.0
2012-05-08,0.36,0.38,0.36,0.38,10100100.0,0.301,0.026953
2012-05-09,0.38,0.38,0.37,0.37,4316500.0,0.2931,-0.026246
2012-05-10,0.37,0.38,0.36,0.37,22079100.0,0.2931,0.0
2012-05-11,0.37,0.38,0.37,0.37,7227200.0,0.2931,0.0
2012-05-14,0.37,0.39,0.36,0.37,63173000.0,0.2931,0.0
2012-05-15,0.37,0.38,0.36,0.37,9720400.0,0.2931,0.0
2012-05-16,0.38,0.38,0.34,0.34,46451900.0,0.2693,-0.081201
2012-05-17,0.35,0.35,0.34,0.34,4239800.0,0.2693,0.0
2012-05-18,0.34,0.36,0.34,0.35,17699300.0,0.2773,0.029707
2012-05-21,0.35,0.36,0.35,0.35,3429400.0,0.2773,0.0
2012-05-22,0.35,0.36,0.35,0.35,5542400.0,0.2773,0.0
2012-05-23,0.35,0.35,0.34,0.34,8239700.0,0.2693,-0.02885
2012-05-24,0.34,0.36,0.34,0.34,14231200.0,0.2693,0.0
2012-05-25,0.36,0.36,0.35,0.35,7519000.0,0.2773,0.029707
2012-05-28,0.34,0.37,0.34,0.36,40463200.0,0.2852,0.028489
2012-05-29,0.37,0.38,0.36,0.37,26452800.0,0.2931,0.0277
2012-05-30,0.37,0.38,0.36,0.36,20093400.0,0.2852,-0.026953
2012-05-31,0.36,0.38,0.36,0.36,12723900.0,0.2852,0.0
2012-06-01,0.36,0.36,0.35,0.35,9246500.0,0.2773,-0.0277
2012-06-05,0.36,0.36,0.35,0.36,2324600.0,0.2852,0.028489
2012-06-06,0.36,0.37,0.34,0.35,13420600.0,0.2773,-0.0277
2012-06-07,0.35,0.35,0.34,0.34,5042400.0,0.2693,-0.02885
2012-06-08,0.34,0.35,0.34,0.35,1809600.0,0.2773,0.029707
2012-06-11,0.36,0.37,0.34,0.36,27948200.0,0.2852,0.028489
2012-06-12,0.35,0.36,0.35,0.36,1209400.0,0.2852,0.0
2012-06-13,0.36,0.36,0.35,0.36,1137300.0,0.2852,0.0
2012-06-14,0.36,0.36,0.35,0.36,1552400.0,0.2852,0.0
2012-06-15,0.36,0.36,0.35,0.35,754800.0,0.2773,-0.0277
2012-06-18,0.35,0.36,0.35,0.35,703500.0,0.2773,0.0
2012-06-19,0.36,0.38,0.34,0.35,56375200.0,0.2773,0.0
2012-06-20,0.34,0.35,0.33,0.34,42785700.0,0.2693,-0.02885
2012-06-21,0.34,0.35,0.34,0.34,5105400.0,0.2693,0.0
2012-06-22,0.34,0.35,0.33,0.34,2757800.0,0.2693,0.0
2012-06-25,0.35,0.35,0.34,0.34,1817000.0,0.2693,0.0
2012-06-26,0.34,0.35,0.34,0.34,2044100.0,0.2693,0.0
2012-06-27,0.34,0.35,0.34,0.34,3796300.0,0.2693,0.0
2012-06-28,0.35,0.35,0.33,0.34,32320100.0,0.2693,0.0
2012-06-29,0.34,0.34,0.33,0.34,2856100.0,0.2693,0.0
2012-07-02,0.34,0.35,0.34,0.34,3159000.0,0.2693,0.0
2012-07-03,0.33,0.33,0.31,0.32,67708600.0,0.2535,-0.058671
2012-07-04,0.32,0.33,0.32,0.32,4213300.0,0.2535,0.0
2012-07-05,0.33,0.33,0.31,0.32,2475000.0,0.2535,0.0
2012-07-06,0.32,0.33,0.31,0.33,14328300.0,0.2614,0.031164
2012-07-09,0.32,0.33,0.32,0.33,9376700.0,0.2614,0.0
2012-07-10,0.33,0.34,0.33,0.33,1477700.0,0.2614,0.0
2012-07-11,0.33,0.34,0.33,0.33,4298200.0,0.2614,0.0
2012-07-12,0.33,0.34,0.33,0.33,4070100.0,0.2614,0.0
2012-07-13,0.33,0.35,0.33,0.33,30243100.0,0.2614,0.0
2012-07-16,0.34,0.34,0.33,0.33,6124500.0,0.2614,0.0
2012-07-17,0.33,0.35,0.33,0.33,7589200.0,0.2614,0.0
2012-07-18,0.33,0.34,0.33,0.34,249500.0,0.2693,0.030222
2012-07-19,0.33,0.34,0.33,0.33,6457800.0,0.2614,-0.029335
2012-07-20,0.34,0.34,0.33,0.33,9171400.0,0.2614,0.0
2012-07-23,0.33,0.34,0.33,0.33,3945900.0,0.2614,0.0
2012-07-24,0.33,0.34,0.33,0.33,11915000.0,0.2614,0.0
2012-07-25,0.34,0.34,0.33,0.33,30501000.0,0.2614,0.0
2012-07-26,0.33,0.34,0.33,0.33,2383700.0,0.2614,0.0
2012-07-27,0.33,0.35,0.33,0.33,26186900.0,0.2614,0.0
2012-07-30,0.33,0.33,0.32,0.32,31007700.0,0.2535,-0.030222
2012-07-31,0.32,0.32,0.31,0.32,9055100.0,0.2535,0.0
2012-08-01,0.31,0.32,0.31,0.32,4022000.0,0.2535,0.0
2012-08-03,0.32,0.34,0.32,0.32,56984900.0,0.2535,0.0
2012-08-06,0.32,0.33,0.32,0.32,3144600.0,0.2535,0.0
2012-08-07,0.33,0.33,0.32,0.32,1197300.0,0.2535,0.0
2012-08-08,0.32,0.33,0.32,0.33,12981600.0,0.2614,0.031164
2012-08-09,0.33,0.33,0.32,0.32,28650800.0,0.2535,-0.030222
2012-08-10,0.33,0.33,0.32,0.32,9608100.0,0.2535,0.0
2012-08-14,0.32,0.34,0.32,0.32,15302100.0,0.2535,0.0
2012-08-15,0.33,0.34,0.33,0.33,20903800.0,0.2614,0.031164
2012-08-16,0.33,0.37,0.33,0.36,74734100.0,0.2852,0.091048
2012-08-17,0.36,0.37,0.35,0.36,25759600.0,0.2852,0.0
2012-08-20,0.36,0.36,0.35,0.35,2489300.0,0.2773,-0.0277
2012-08-21,0.35,0.35,0.34,0.34,1622400.0,0.2693,-0.02885
2012-08-22,0.34,0.35,0.34,0.35,4349900.0,0.2773,0.029707
2012-08-23,0.35,0.35,0.34,0.34,5470000.0,0.2693,-0.02885
2012-08-24,0.34,0.35,0.34,0.34,13305500.0,0.2693,0.0
2012-08-27,0.35,0.36,0.35,0.36,9509200.0,0.2852,0.059042
2012-08-28,0.36,0.36,0.35,0.35,6362200.0,0.2773,-0.0277
2012-08-29,0.36,0.36,0.34,0.35,8586400.0,0.2773,0.0
2012-08-30,0.35,0.35,0.34,0.35,1264200.0,0.2773,0.0
2012-08-31,0.35,0.36,0.35,0.35,2624200.0,0.2773,0.0
2012-09-03,0.35,0.36,0.35,0.36,4469200.0,0.2852,0.028489
2012-09-04,0.35,0.36,0.35,0.35,2970700.0,0.2773,-0.0277
2012-09-05,0.35,0.36,0.35,0.35,1335200.0,0.2773,0.0
2012-09-06,0.35,0.36,0.35,0.35,1593700.0,0.2773,0.0
2012-09-07,0.35,0.35,0.33,0.33,37051600.0,0.2614,-0.057339
2012-09-10,0.33,0.33,0.32,0.33,34765500.0,0.2614,0.0
2012-09-11,0.33,0.33,0.31,0.32,35938300.0,0.2535,-0.030222
2012-09-12,0.32,0.33,0.32,0.32,15117700.0,0.2535,0.0
2012-09-13,0.33,0.33,0.32,0.32,15736100.0,0.2535,0.0
2012-09-14,0.32,0.33,0.32,0.32,8180800.0,0.2535,0.0
2012-09-17,0.33,0.33,0.32,0.32,4259400.0,0.2535,0.0
2012-09-18,0.33,0.33,0.32,0.32,5804200.0,0.2535,0.0
2012-09-19,0.33,0.33,0.32,0.33,2844400.0,0.2614,0.031164
2012-09-20,0.33,0.33,0.32,0.32,2549800.0,0.2535,-0.030222
2012-09-21,0.33,0.33,0.32,0.33,3757300.0,0.2614,0.031164
2012-09-24,0.33,0.33,0.32,0.32,1831700.0,0.2535,-0.030222
2012-09-25,0.32,0.33,0.32,0.32,1097300.0,0.2535,0.0
2012-09-26,0.33,0.33,0.32,0.32,2934300.0,0.2535,0.0
2012-09-27,0.32,0.33,0.32,0.33,1377100.0,0.2614,0.031164
2012-09-28,0.33,0.33,0.32,0.32,4500900.0,0.2535,-0.030222
2012-10-01,0.32,0.33,0.32,0.33,3035200.0,0.2614,0.031164
2012-10-02,0.32,0.33,0.32,0.32,1870500.0,0.2535,-0.030222
2012-10-03,0.33,0.33,0.32,0.32,9660100.0,0.2535,0.0
2012-10-04,0.32,0.33,0.32,0.32,9618400.0,0.2535,0.0
2012-10-05,0.32,0.33,0.32,0.32,2549900.0,0.2535,0.0
2012-10-08,0.33,0.34,0.32,0.33,57480000.0,0.2614,0.031164
2012-10-09,0.33,0.34,0.33,0.33,24045500.0,0.2614,0.0
2012-10-10,0.34,0.36,0.33,0.36,91292900.0,0.2852,0.091048
2012-10-11,0.35,0.36,0.35,0.35,44734700.0,0.2773,-0.0277
2012-10-12,0.36,0.36,0.34,0.34,13741900.0,0.2693,-0.02885
2012-10-15,0.34,0.35,0.34,0.35,21215600.0,0.2773,0.029707
2012-10-16,0.35,0.38,0.35,0.37,356210400.0,0.2931,0.056978
2012-10-17,0.37,0.38,0.35,0.35,111294200.0,0.2773,-0.053907
2012-10-18,0.35,0.36,0.35,0.35,16825400.0,0.2773,0.0
2012-10-19,0.36,0.36,0.34,0.35,15432900.0,0.2773,0.0
2012-10-22,0.35,0.36,0.35,0.36,9714600.0,0.2852,0.028489
2012-10-24,0.35,0.36,0.34,0.34,16545700.0,0.2693,-0.05575
2012-10-25,0.34,0.36,0.34,0.35,33664700.0,0.2773,0.029707
2012-10-26,0.36,0.36,0.34,0.35,26243400.0,0.2773,0.0
2012-10-29,0.35,0.36,0.34,0.35,18388900.0,0.2773,0.0
2012-10-30,0.34,0.35,0.34,0.35,3814300.0,0.2773,0.0
2012-10-31,0.35,0.35,0.34,0.34,2999400.0,0.2693,-0.02885
2012-11-01,0.34,0.35,0.34,0.35,25404700.0,0.2773,0.029707
2012-11-02,0.35,0.36,0.34,0.35,48644000.0,0.2773,0.0
2012-11-05,0.35,0.37,0.35,0.36,26639600.0,0.2852,0.028489
2012-11-06,0.36,0.37,0.35,0.35,19635900.0,0.2773,-0.0277
2012-11-07,0.36,0.36,0.35,0.36,9700600.0,0.2852,0.028489
2012-11-08,0.36,0.36,0.35,0.35,4315200.0,0.2773,-0.0277
2012-11-09,0.35,0.36,0.35,0.36,16471000.0,0.2852,0.028489
2012-11-12,0.35,0.36,0.35,0.35,883000.0,0.2773,-0.0277
2012-11-13,0.35,0.36,0.34,0.35,4216000.0,0.2773,0.0
2012-11-14,0.36,0.36,0.34,0.34,12984500.0,0.2693,-0.02885
2012-11-15,0.34,0.34,0.33,0.34,11961900.0,0.2693,0.0
2012-11-16,0.33,0.35,0.33,0.35,7068800.0,0.2773,0.029707
2012-11-19,0.35,0.35,0.34,0.34,3584600.0,0.2693,-0.02885
2012-11-20,0.35,0.35,0.33,0.34,4588200.0,0.2693,0.0
2012-11-21,0.34,0.35,0.33,0.35,8799600.0,0.2773,0.029707
2012-11-22,0.34,0.35,0.34,0.35,2432100.0,0.2773,0.0
2012-11-23,0.34,0.35,0.33,0.34,4543300.0,0.2693,-0.02885
2012-11-26,0.34,0.34,0.33,0.34,3103300.0,0.2693,0.0
2012-11-27,0.34,0.35,0.33,0.34,3703100.0,0.2693,0.0
2012-11-28,0.34,0.35,0.34,0.34,2163700.0,0.2693,0.0
2012-11-29,0.34,0.35,0.34,0.35,2787500.0,0.2773,0.029707
2012-11-30,0.34,0.37,0.34,0.35,49681600.0,0.2773,0.0
2012-12-03,0.36,0.37,0.35,0.36,11411300.0,0.2852,0.028489
2012-12-04,0.36,0.37,0.36,0.36,10831800.0,0.2852,0.0
2012-12-06,0.36,0.37,0.35,0.36,11573100.0,0.2852,0.0
2012-12-07,0.36,0.38,0.36,0.37,99014900.0,0.2931,0.0277
2012-12-11,0.38,0.41,0.35,0.36,336693400.0,0.2852,-0.026953
2012-12-12,0.37,0.37,0.36,0.36,11543900.0,0.2852,0.0
2012-12-13,0.36,0.37,0.35,0.36,20732100.0,0.2852,0.0
2012-12-14,0.36,0.37,0.35,0.36,25402000.0,0.2852,0.0
2012-12-17,0.36,0.37,0.35,0.36,10305000.0,0.2852,0.0
2012-12-18,0.36,0.37,0.35,0.36,14937500.0,0.2852,0.0
2012-12-19,0.37,0.37,0.36,0.37,22324700.0,0.2931,0.0277
2012-12-20,0.37,0.37,0.36,0.36,14224900.0,0.2852,-0.026953
2012-12-21,0.37,0.37,0.36,0.37,11973000.0,0.2931,0.0277
2012-12-24,0.37,0.38,0.37,0.38,23391600.0,0.301,0.026953
2012-12-25,0.38,0.43,0.37,0.4,438199600.0,0.3169,0.052824
2012-12-26,0.42,0.42,0.4,0.4,125384200.0,0.3169,0.0
2012-12-27,0.4,0.42,0.4,0.41,101368100.0,0.3248,0.024929
2012-12-28,0.42,0.44,0.39,0.41,181692200.0,0.3248,0.0
2013-01-02,0.41,0.42,0.4,0.41,50970100.0,0.3248,0.0
2013-01-03,0.4,0.42,0.4,0.41,36132100.0,0.3248,0.0
2013-01-04,0.41,0.41,0.39,0.4,70402000.0,0.3169,-0.024323
2013-01-07,0.4,0.41,0.39,0.4,31570800.0,0.3169,0.0
2013-01-08,0.41,0.41,0.39,0.4,33900900.0,0.3169,0.0
2013-01-09,0.42,0.43,0.41,0.41,299137800.0,0.3248,0.024929
2013-01-10,0.42,0.43,0.4,0.4,153107900.0,0.3169,-0.024323
2013-01-11,0.4,0.41,0.39,0.4,60779900.0,0.3169,0.0
2013-01-14,0.4,0.41,0.4,0.4,13859400.0,0.3169,0.0
2013-01-15,0.41,0.44,0.4,0.43,261410000.0,0.3406,0.074787
2013-01-16,0.44,0.54,0.44,0.52,1084046500.0,0.4119,0.209336
2013-01-17,0.54,0.55,0.48,0.48,376736500.0,0.3803,-0.076718
2013-01-18,0.49,0.52,0.48,0.51,268333500.0,0.404,0.062319
2013-01-21,0.48,0.49,0.45,0.47,108908600.0,0.3723,-0.078465
2013-01-22,0.47,0.47,0.43,0.44,61984500.0,0.3486,-0.063658
2013-01-23,0.44,0.44,0.39,0.41,89616400.0,0.3248,-0.068273
2013-01-24,0.41,0.43,0.4,0.43,44152200.0,0.3406,0.048645
2013-01-25,0.42,0.43,0.42,0.42,31702300.0,0.3327,-0.023194
2013-01-28,0.43,0.44,0.42,0.44,27767200.0,0.3486,0.047791
2013-01-29,0.44,0.47,0.43,0.47,79145400.0,0.3723,0.067986
2013-01-30,0.47,0.47,0.44,0.45,27512500.0,0.3565,-0.042439
2013-01-31,0.44,0.46,0.44,0.44,29911900.0,0.3486,-0.02216
2013-02-01,0.45,0.46,0.44,0.46,21742800.0,0.3644,0.045324
2013-02-04,0.46,0.48,0.46,0.47,70092200.0,0.3723,0.021679
2013-02-05,0.46,0.48,0.45,0.48,41297700.0,0.3803,0.021488
2013-02-06,0.48,0.49,0.47,0.48,52435900.0,0.3803,0.0
2013-02-07,0.49,0.5,0.46,0.48,68042500.0,0.3803,0.0
2013-02-08,0.48,0.52,0.48,0.51,77870900.0,0.404,0.062319
2013-02-11,0.51,0.51,0.49,0.49,76671500.0,0.3882,-0.039109
2013-02-12,0.5,0.5,0.48,0.49,28331100.0,0.3882,0.0
2013-02-13,0.49,0.5,0.46,0.46,46411000.0,0.3644,-0.061309
2013-02-14,0.47,0.48,0.46,0.46,82836300.0,0.3644,0.0
2013-02-15,0.47,0.47,0.45,0.47,23167500.0,0.3723,0.021679
2013-02-18,0.47,0.47,0.45,0.46,22143500.0,0.3644,-0.021219
2013-02-19,0.45,0.46,0.45,0.46,9244800.0,0.3644,0.0
2013-02-20,0.46,0.46,0.44,0.45,49440200.0,0.3565,-0.021679
2013-02-21,0.45,0.46,0.44,0.46,32497000.0,0.3644,0.02216
2013-02-22,0.46,0.46,0.44,0.45,40561900.0,0.3565,-0.021679
2013-02-26,0.45,0.45,0.41,0.42,118431000.0,0.3327,-0.06676
2013-02-27,0.42,0.43,0.41,0.41,37489700.0,0.3248,-0.023745
2013-02-28,0.41,0.42,0.4,0.41,32221300.0,0.3248,0.0
2013-03-01,0.4,0.4,0.38,0.38,87379800.0,0.301,-0.073276
2013-03-04,0.38,0.4,0.38,0.39,33127400.0,0.309,0.026578
2013-03-05,0.39,0.4,0.38,0.39,19959100.0,0.309,0.0
2013-03-06,0.4,0.4,0.38,0.38,25170200.0,0.301,-0.02589
2013-03-07,0.39,0.39,0.37,0.39,30635000.0,0.309,0.026578
2013-03-08,0.39,0.4,0.38,0.39,28452800.0,0.309,0.0
2013-03-11,0.39,0.44,0.39,0.44,162513000.0,0.3486,0.128155
2013-03-12,0.44,0.45,0.42,0.43,83997300.0,0.3406,-0.022949
2013-03-13,0.44,0.45,0.43,0.44,42126700.0,0.3486,0.023488
2013-03-14,0.44,0.46,0.44,0.45,68238400.0,0.3565,0.022662
2013-03-15,0.46,0.49,0.46,0.48,236827400.0,0.3803,0.06676
2013-03-18,0.49,0.5,0.48,0.48,133088900.0,0.3803,0.0
2013-03-19,0.49,0.5,0.46,0.47,106887100.0,0.3723,-0.021036
2013-03-20,0.47,0.49,0.46,0.47,89831300.0,0.3723,0.0
2013-03-21,0.47,0.48,0.45,0.46,59472700.0,0.3644,-0.021219
2013-03-22,0.45,0.46,0.41,0.41,47567600.0,0.3248,-0.108672
2013-03-25,0.41,0.45,0.41,0.45,27034600.0,0.3565,0.097599
2013-03-26,0.45,0.47,0.42,0.43,117731600.0,0.3406,-0.0446
2013-03-27,0.44,0.45,0.43,0.45,66761400.0,0.3565,0.046682
2013-03-28,0.45,0.53,0.45,0.53,730363100.0,0.4199,0.17784
2013-03-29,0.54,0.55,0.5,0.5,479407400.0,0.3961,-0.05668
2013-04-01,0.5,0.59,0.48,0.57,1195383500.0,0.4516,0.140116
2013-04-02,0.57,0.58,0.54,0.55,336286200.0,0.4357,-0.035208
2013-04-03,0.55,0.55,0.47,0.48,267060800.0,0.3803,-0.127152
2013-04-04,0.46,0.51,0.46,0.5,120347200.0,0.3961,0.041546
2013-04-05,0.5,0.51,0.47,0.47,86710700.0,0.3723,-0.060086
2013-04-09,0.46,0.46,0.42,0.42,52316600.0,0.3327,-0.106366
2013-04-10,0.43,0.45,0.43,0.45,15443100.0,0.3565,0.071536
2013-04-11,0.45,0.47,0.45,0.46,14217500.0,0.3644,0.02216
2013-04-12,0.46,0.47,0.45,0.46,7334100.0,0.3644,0.0
2013-04-17,0.46,0.47,0.46,0.46,9201400.0,0.3644,0.0
2013-04-18,0.46,0.47,0.45,0.47,4152400.0,0.3723,0.021679
2013-04-19,0.46,0.48,0.46,0.47,12301200.0,0.3723,0.0
2013-04-22,0.47,0.48,0.46,0.48,12594800.0,0.3803,0.021488
2013-04-23,0.47,0.49,0.47,0.48,16806300.0,0.3803,0.0
2013-04-24,0.49,0.49,0.47,0.48,8843600.0,0.3803,0.0
2013-04-25,0.48,0.49,0.47,0.48,9312300.0,0.3803,0.0
2013-04-26,0.47,0.48,0.47,0.47,6789800.0,0.3723,-0.021036
2013-04-29,0.48,0.48,0.46,0.47,575100.0,0.3723,0.0
2013-04-30,0.47,0.48,0.47,0.47,3631800.0,0.3723,0.0
2013-05-02,0.47,0.48,0.46,0.46,6062500.0,0.3644,-0.021219
2013-05-03,0.47,0.48,0.46,0.47,11218600.0,0.3723,0.021679
2013-05-07,0.47,0.48,0.47,0.48,7078600.0,0.3803,0.021488
2013-05-08,0.48,0.49,0.47,0.49,24951200.0,0.3882,0.020773
2013-05-09,0.49,0.5,0.48,0.49,23123200.0,0.3882,0.0
2013-05-10,0.49,0.5,0.49,0.5,12801300.0,0.3961,0.02035
2013-05-13,0.5,0.51,0.48,0.49,25839000.0,0.3882,-0.019944
2013-05-14,0.49,0.5,0.48,0.49,11376400.0,0.3882,0.0
2013-05-15,0.5,0.5,0.49,0.49,7323600.0,0.3882,0.0
2013-05-16,0.49,0.5,0.48,0.49,7175200.0,0.3882,0.0
2013-05-17,0.49,0.53,0.48,0.52,67165600.0,0.4119,0.061051
2013-05-20,0.52,0.54,0.51,0.51,124988100.0,0.404,-0.019179
2013-05-21,0.51,0.53,0.5,0.5,37199800.0,0.3961,-0.019554
2013-05-22,0.51,0.52,0.49,0.49,31196300.0,0.3882,-0.019944
2013-05-23,0.49,0.51,0.47,0.49,77113700.0,0.3882,0.0
2013-05-27,0.49,0.49,0.47,0.48,16182100.0,0.3803,-0.02035
2013-05-28,0.48,0.5,0.48,0.5,21334400.0,0.3961,0.041546
2013-05-29,0.49,0.52,0.49,0.49,57805900.0,0.3882,-0.019944
2013-05-30,0.49,0.5,0.48,0.48,17388100.0,0.3803,-0.02035
2013-05-31,0.48,0.5,0.48,0.48,16780600.0,0.3803,0.0
2013-06-03,0.48,0.48,0.46,0.47,12253800.0,0.3723,-0.021036
2013-06-04,0.47,0.48,0.46,0.47,6024300.0,0.3723,0.0
2013-06-05,0.47,0.47,0.45,0.45,14063000.0,0.3565,-0.042439
2013-06-06,0.44,0.44,0.41,0.41,35114100.0,0.3248,-0.08892
2013-06-07,0.41,0.43,0.41,0.43,17090200.0,0.3406,0.048645
2013-06-10,0.43,0.44,0.42,0.43,5402800.0,0.3406,0.0
2013-06-11,0.42,0.43,0.39,0.39,22167200.0,0.309,-0.092777
2013-06-12,0.39,0.41,0.38,0.39,35352400.0,0.309,0.0
2013-06-13,0.37,0.38,0.36,0.37,26381400.0,0.2931,-0.051456
2013-06-14,0.38,0.4,0.38,0.39,20019900.0,0.309,0.054248
2013-06-17,0.39,0.4,0.38,0.38,12082800.0,0.301,-0.02589
2013-06-18,0.38,0.41,0.38,0.38,23074200.0,0.301,0.0
2013-06-19,0.39,0.39,0.38,0.38,5293400.0,0.301,0.0
2013-06-20,0.37,0.4,0.37,0.38,34673700.0,0.301,0.0
2013-06-21,0.38,0.39,0.37,0.38,15094500.0,0.301,0.0
2013-06-24,0.38,0.41,0.37,0.39,42236300.0,0.309,0.026578
2013-06-25,0.4,0.4,0.37,0.4,44485600.0,0.3169,0.025566
2013-06-26,0.42,0.47,0.41,0.44,146196300.0,0.3486,0.100032
2013-06-27,0.45,0.45,0.42,0.42,50913500.0,0.3327,-0.045611
2013-06-28,0.43,0.44,0.42,0.43,29320400.0,0.3406,0.023745
2013-07-02,0.44,0.45,0.43,0.44,52253500.0,0.3486,0.023488
2013-07-03,0.44,0.45,0.44,0.44,21757000.0,0.3486,0.0
2013-07-04,0.45,0.46,0.43,0.44,63063400.0,0.3486,0.0
2013-07-05,0.44,0.45,0.43,0.45,7720600.0,0.3565,0.022662
2013-07-08,0.45,0.45,0.42,0.42,13855000.0,0.3327,-0.06676
2013-07-09,0.43,0.43,0.41,0.41,10831700.0,0.3248,-0.023745
2013-07-10,0.42,0.42,0.4,0.4,10965900.0,0.3169,-0.024323
2013-07-11,0.4,0.42,0.4,0.42,7804600.0,0.3327,0.049858
2013-07-12,0.42,0.43,0.41,0.42,8155800.0,0.3327,0.0
2013-07-15,0.43,0.43,0.42,0.42,3612400.0,0.3327,0.0
2013-07-16,0.42,0.45,0.42,0.43,38334200.0,0.3406,0.023745
2013-07-17,0.43,0.45,0.43,0.44,50519700.0,0.3486,0.023488
2013-07-18,0.44,0.44,0.43,0.44,6850200.0,0.3486,0.0
2013-07-19,0.44,0.45,0.43,0.44,17935300.0,0.3486,0.0
2013-07-23,0.45,0.47,0.45,0.45,54933900.0,0.3565,0.022662
2013-07-24,0.45,0.46,0.43,0.44,38701700.0,0.3486,-0.02216
2013-07-25,0.44,0.44,0.42,0.42,16481200.0,0.3327,-0.045611
2013-07-26,0.42,0.43,0.42,0.42,4697400.0,0.3327,0.0
2013-07-29,0.42,0.42,0.42,0.42,1689900.0,0.3327,0.0
2013-07-30,0.42,0.43,0.41,0.41,10015100.0,0.3248,-0.023745
2013-07-31,0.41,0.41,0.4,0.4,9901100.0,0.3169,-0.024323
2013-08-01,0.41,0.41,0.4,0.41,5607300.0,0.3248,0.024929
2013-08-02,0.41,0.41,0.4,0.4,8628000.0,0.3169,-0.024323
2013-08-05,0.4,0.42,0.39,0.4,11093100.0,0.3169,0.0
2013-08-06,0.4,0.42,0.4,0.41,21511200.0,0.3248,0.024929
2013-08-07,0.41,0.42,0.4,0.41,3508300.0,0.3248,0.0
2013-08-08,0.41,0.42,0.41,0.41,838700.0,0.3248,0.0
2013-08-09,0.41,0.43,0.41,0.42,21227100.0,0.3327,0.024323
2013-08-13,0.42,0.43,0.41,0.41,15853500.0,0.3248,-0.023745
2013-08-14,0.42,0.43,0.41,0.42,8138300.0,0.3327,0.024323
2013-08-15,0.42,0.42,0.41,0.42,2810600.0,0.3327,0.0
2013-08-16,0.41,0.42,0.41,0.41,2814600.0,0.3248,-0.023745
2013-08-19,0.42,0.42,0.4,0.41,6832600.0,0.3248,0.0
2013-08-20,0.4,0.4,0.39,0.4,12049900.0,0.3169,-0.024323
2013-08-21,0.4,0.41,0.39,0.4,5583200.0,0.3169,0.0
2013-08-22,0.4,0.41,0.39,0.4,5393900.0,0.3169,0.0
2013-08-23,0.41,0.41,0.4,0.4,4120900.0,0.3169,0.0
2013-08-26,0.4,0.42,0.4,0.4,46280200.0,0.3169,0.0
2013-08-27,0.4,0.4,0.39,0.39,9432500.0,0.309,-0.024929
2013-08-28,0.39,0.39,0.38,0.38,20626300.0,0.301,-0.02589
2013-08-29,0.39,0.4,0.39,0.4,12373800.0,0.3169,0.052824
2013-08-30,0.35,0.36,0.34,0.35,18722800.0,0.2773,-0.124961
2013-09-02,0.35,0.36,0.34,0.36,4579100.0,0.2852,0.028489
2013-09-03,0.35,0.36,0.35,0.35,3061400.0,0.2773,-0.0277
2013-09-04,0.35,0.35,0.34,0.34,7971500.0,0.2693,-0.02885
2013-09-05,0.34,0.35,0.34,0.34,4839600.0,0.2693,0.0
2013-09-06,0.34,0.36,0.34,0.35,15386500.0,0.2773,0.029707
2013-09-09,0.36,0.37,0.36,0.36,8625000.0,0.2852,0.028489
2013-09-10,0.36,0.37,0.35,0.35,6656300.0,0.2773,-0.0277
2013-09-11,0.36,0.36,0.35,0.36,1111800.0,0.2852,0.028489
2013-09-12,0.36,0.37,0.36,0.36,2357200.0,0.2852,0.0
2013-09-13,0.36,0.37,0.36,0.36,2032700.0,0.2852,0.0
2013-09-16,0.37,0.38,0.37,0.37,7017500.0,0.2931,0.0277
2013-09-17,0.37,0.38,0.37,0.37,2925800.0,0.2931,0.0
2013-09-18,0.38,0.38,0.37,0.38,3294700.0,0.301,0.026953
2013-09-19,0.39,0.4,0.38,0.39,28878800.0,0.309,0.026578
2013-09-20,0.39,0.4,0.39,0.39,5334400.0,0.309,0.0
2013-09-23,0.38,0.39,0.38,0.38,4580400.0,0.301,-0.02589
2013-09-24,0.38,0.4,0.38,0.39,12657600.0,0.309,0.026578
2013-09-25,0.4,0.41,0.39,0.4,37860000.0,0.3169,0.025566
2013-09-26,0.4,0.4,0.39,0.39,10054500.0,0.309,-0.024929
2013-09-27,0.4,0.4,0.39,0.39,2230200.0,0.309,0.0
2013-09-30,0.39,0.39,0.38,0.38,5430200.0,0.301,-0.02589
2013-10-01,0.38,0.39,0.38,0.38,2815200.0,0.301,0.0
2013-10-02,0.38,0.39,0.38,0.39,1777600.0,0.309,0.026578
2013-10-03,0.39,0.4,0.38,0.39,4443100.0,0.309,0.0
2013-10-04,0.39,0.4,0.38,0.38,1982300.0,0.301,-0.02589
2013-10-07,0.39,0.4,0.38,0.39,2179500.0,0.309,0.026578
2013-10-08,0.39,0.39,0.38,0.39,3268900.0,0.309,0.0
2013-10-09,0.38,0.39,0.38,0.39,5564900.0,0.309,0.0
2013-10-10,0.39,0.39,0.38,0.38,6635800.0,0.301,-0.02589
2013-10-11,0.39,0.4,0.38,0.39,9289300.0,0.309,0.026578
2013-10-14,0.39,0.4,0.38,0.4,2360000.0,0.3169,0.025566
2013-10-15,0.39,0.41,0.39,0.39,26541400.0,0.309,-0.024929
2013-10-16,0.4,0.42,0.39,0.4,105842600.0,0.3169,0.025566
2013-10-17,0.41,0.42,0.4,0.4,24715500.0,0.3169,0.0
2013-10-18,0.4,0.41,0.39,0.4,6464100.0,0.3169,0.0
2013-10-21,0.4,0.41,0.39,0.39,6401900.0,0.309,-0.024929
2013-10-22,0.4,0.4,0.38,0.39,3574000.0,0.309,0.0
2013-10-24,0.39,0.4,0.39,0.39,1533500.0,0.309,0.0
2013-10-25,0.39,0.4,0.38,0.39,2407000.0,0.309,0.0
2013-10-28,0.39,0.4,0.38,0.39,2612800.0,0.309,0.0
2013-10-29,0.39,0.4,0.38,0.39,4589900.0,0.309,0.0
2013-10-30,0.39,0.39,0.38,0.38,7083600.0,0.301,-0.02589
2013-10-31,0.38,0.39,0.38,0.38,4610700.0,0.301,0.0
2013-11-01,0.38,0.39,0.38,0.38,6742200.0,0.301,0.0
2013-11-04,0.37,0.38,0.37,0.37,13580900.0,0.2931,-0.026246
2013-11-05,0.37,0.41,0.37,0.4,43778800.0,0.3169,0.081201
2013-11-06,0.4,0.4,0.39,0.39,47960800.0,0.309,-0.024929
2013-11-07,0.4,0.4,0.38,0.38,11890200.0,0.301,-0.02589
2013-11-08,0.38,0.39,0.38,0.38,622000.0,0.301,0.0
2013-11-11,0.38,0.38,0.37,0.37,4503200.0,0.2931,-0.026246
2013-11-12,0.38,0.42,0.38,0.4,66831600.0,0.3169,0.081201
2013-11-13,0.39,0.42,0.39,0.41,111238700.0,0.3248,0.024929
2013-11-14,0.42,0.44,0.41,0.42,57871500.0,0.3327,0.024323
2013-11-15,0.42,0.43,0.41,0.41,17766400.0,0.3248,-0.023745
2013-11-18,0.42,0.42,0.4,0.4,5477300.0,0.3169,-0.024323
2013-11-19,0.4,0.41,0.39,0.4,6615400.0,0.3169,0.0
2013-11-20,0.4,0.41,0.4,0.4,5183400.0,0.3169,0.0
2013-11-21,0.39,0.4,0.38,0.38,8954800.0,0.301,-0.050174
2013-11-22,0.38,0.39,0.38,0.39,3083800.0,0.309,0.026578
2013-11-25,0.38,0.39,0.37,0.38,4315500.0,0.301,-0.02589
2013-11-26,0.38,0.39,0.38,0.38,709100.0,0.301,0.0
2013-11-27,0.38,0.4,0.38,0.4,7167700.0,0.3169,0.052824
2013-11-28,0.4,0.4,0.36,0.37,72353100.0,0.2931,-0.075103
2013-11-29,0.37,0.38,0.36,0.37,89293500.0,0.2931,0.0
2013-12-02,0.36,0.37,0.35,0.36,33357400.0,0.2852,-0.026953
2013-12-03,0.37,0.38,0.36,0.37,17045900.0,0.2931,0.0277
2013-12-04,0.37,0.37,0.37,0.37,10280900.0,0.2931,0.0
2013-12-06,0.38,0.38,0.36,0.36,7343500.0,0.2852,-0.026953
2013-12-09,0.37,0.37,0.36,0.36,2981300.0,0.2852,0.0
2013-12-11,0.37,0.37,0.36,0.36,723000.0,0.2852,0.0
2013-12-12,0.36,0.37,0.36,0.37,6635300.0,0.2931,0.0277
2013-12-13,0.37,0.37,0.36,0.36,2131000.0,0.2852,-0.026953
2013-12-16,0.36,0.37,0.36,0.36,5741400.0,0.2852,0.0
2013-12-17,0.36,0.37,0.36,0.36,12073700.0,0.2852,0.0
2013-12-18,0.36,0.37,0.36,0.36,6619700.0,0.2852,0.0
2013-12-19,0.36,0.37,0.36,0.36,26647000.0,0.2852,0.0
2013-12-20,0.36,0.38,0.35,0.35,87233300.0,0.2773,-0.0277
2013-12-23,0.36,0.36,0.32,0.33,73775700.0,0.2614,-0.057339
2013-12-24,0.33,0.33,0.31,0.32,79360300.0,0.2535,-0.030222
2013-12-25,0.33,0.33,0.32,0.33,13519400.0,0.2614,0.031164
2013-12-26,0.33,0.33,0.31,0.32,41100200.0,0.2535,-0.030222
2013-12-27,0.32,0.32,0.31,0.32,7106200.0,0.2535,0.0
2014-01-02,0.33,0.33,0.3,0.3,20588500.0,0.2377,-0.062327
2014-01-03,0.3,0.31,0.29,0.3,6168800.0,0.2377,0.0
2014-01-06,0.3,0.3,0.29,0.3,3484600.0,0.2377,0.0
2014-01-07,0.3,0.31,0.3,0.3,2552500.0,0.2377,0.0
2014-01-08,0.3,0.31,0.3,0.31,952300.0,0.2456,0.033235
2014-01-09,0.31,0.31,0.3,0.31,2545400.0,0.2456,0.0
2014-01-10,0.31,0.31,0.3,0.31,894100.0,0.2456,0.0
2014-01-13,0.3,0.31,0.3,0.31,3561900.0,0.2456,0.0
2014-01-14,0.31,0.32,0.3,0.32,3079300.0,0.2535,0.032166
2014-01-15,0.32,0.32,0.31,0.31,1831200.0,0.2456,-0.031164
2014-01-16,0.31,0.32,0.31,0.31,1026400.0,0.2456,0.0
2014-01-17,0.31,0.33,0.31,0.32,5839100.0,0.2535,0.032166
2014-01-20,0.32,0.32,0.31,0.31,2199100.0,0.2456,-0.031164
2014-01-21,0.32,0.33,0.31,0.32,5889300.0,0.2535,0.032166
2014-01-22,0.31,0.32,0.31,0.31,671800.0,0.2456,-0.031164
2014-01-23,0.32,0.33,0.31,0.32,5454700.0,0.2535,0.032166
2014-01-24,0.31,0.33,0.31,0.33,6286200.0,0.2614,0.031164
2014-01-27,0.32,0.32,0.32,0.32,568900.0,0.2535,-0.030222
2014-01-28,0.32,0.33,0.31,0.32,716200.0,0.2535,0.0
2014-01-29,0.32,0.33,0.31,0.32,799100.0,0.2535,0.0
2014-01-30,0.32,0.33,0.32,0.32,998900.0,0.2535,0.0
2014-01-31,0.32,0.33,0.32,0.33,702900.0,0.2614,0.031164
2014-02-03,0.33,0.33,0.32,0.33,1882100.0,0.2614,0.0
2014-02-04,0.32,0.34,0.32,0.33,3997600.0,0.2614,0.0
2014-02-05,0.33,0.34,0.32,0.33,6984700.0,0.2614,0.0
2014-02-06,0.33,0.33,0.32,0.33,3082100.0,0.2614,0.0
2014-02-07,0.33,0.36,0.33,0.34,36533700.0,0.2693,0.030222
2014-02-10,0.34,0.36,0.34,0.35,11953600.0,0.2773,0.029707
2014-02-11,0.35,0.36,0.35,0.35,4767600.0,0.2773,0.0
2014-02-12,0.35,0.38,0.34,0.38,32855200.0,0.301,0.085467
2014-02-13,0.38,0.38,0.37,0.37,6725800.0,0.2931,-0.026246
2014-02-17,0.37,0.38,0.36,0.36,10915700.0,0.2852,-0.026953
2014-02-18,0.36,0.37,0.36,0.36,4063300.0,0.2852,0.0
2014-02-19,0.37,0.39,0.37,0.37,11560800.0,0.2931,0.0277
2014-02-20,0.37,0.38,0.36,0.36,5408600.0,0.2852,-0.026953
2014-02-21,0.37,0.37,0.36,0.36,422700.0,0.2852,0.0
2014-02-24,0.36,0.37,0.36,0.36,5879000.0,0.2852,0.0
2014-02-25,0.36,0.37,0.36,0.37,3710100.0,0.2931,0.0277
2014-02-26,0.36,0.38,0.36,0.36,1424300.0,0.2852,-0.026953
2014-02-27,0.36,0.38,0.36,0.38,30399200.0,0.301,0.0554
2014-02-28,0.38,0.39,0.36,0.37,42672800.0,0.2931,-0.026246
2014-03-03,0.37,0.38,0.37,0.37,7325000.0,0.2931,0.0
2014-03-04,0.37,0.38,0.37,0.37,13921400.0,0.2931,0.0
2014-03-05,0.38,0.38,0.37,0.38,6290600.0,0.301,0.026953
2014-03-06,0.38,0.39,0.37,0.38,6405600.0,0.301,0.0
2014-03-07,0.38,0.39,0.38,0.38,2344600.0,0.301,0.0
2014-03-10,0.38,0.39,0.37,0.38,4553700.0,0.301,0.0
2014-03-11,0.38,0.39,0.37,0.38,2727400.0,0.301,0.0
2014-03-12,0.38,0.39,0.37,0.38,4228900.0,0.301,0.0
2014-03-13,0.38,0.39,0.38,0.39,10493900.0,0.309,0.026578
2014-03-14,0.39,0.39,0.38,0.38,2200800.0,0.301,-0.02589
2014-03-17,0.38,0.39,0.38,0.38,4959000.0,0.301,0.0
2014-03-18,0.39,0.39,0.38,0.38,5508900.0,0.301,0.0
2014-03-19,0.39,0.39,0.38,0.38,5576500.0,0.3121,0.036877
2014-03-20,0.38,0.38,0.37,0.37,1460000.0,0.3039,-0.026274
2014-03-21,0.38,0.38,0.37,0.38,4564800.0,0.3121,0.026983
2014-03-24,0.36,0.37,0.36,0.36,10425700.0,0.3078,-0.013778
2014-03-25,0.36,0.36,0.35,0.36,1479500.0,0.3078,0.0
2014-03-26,0.36,0.36,0.35,0.35,1539600.0,0.2993,-0.027615
2014-03-27,0.36,0.36,0.35,0.35,2933200.0,0.2993,0.0
2014-03-28,0.35,0.36,0.35,0.35,1155500.0,0.2993,0.0
2014-03-31,0.36,0.36,0.35,0.35,6591300.0,0.2993,0.0
2014-04-01,0.35,0.36,0.35,0.36,2772300.0,0.3078,0.0284
2014-04-02,0.35,0.36,0.35,0.35,4926700.0,0.2993,-0.027615
2014-04-03,0.35,0.36,0.35,0.36,1356100.0,0.3078,0.0284
2014-04-04,0.35,0.36,0.35,0.35,2302400.0,0.2993,-0.027615
2014-04-08,0.35,0.36,0.35,0.35,794400.0,0.2993,0.0
2014-04-09,0.35,0.36,0.35,0.35,4341900.0,0.2993,0.0
2014-04-10,0.35,0.36,0.35,0.36,6926000.0,0.3078,0.0284
2014-04-11,0.35,0.36,0.35,0.35,6790100.0,0.2993,-0.027615
2014-04-16,0.36,0.36,0.35,0.35,5500100.0,0.2993,0.0
2014-04-17,0.35,0.38,0.35,0.37,42344100.0,0.3164,0.057133
2014-04-18,0.38,0.38,0.37,0.37,38083500.0,0.3164,0.0
2014-04-21,0.37,0.37,0.36,0.36,4108600.0,0.3078,-0.027181
2014-04-22,0.36,0.38,0.36,0.37,53656200.0,0.3164,0.02794
2014-04-23,0.38,0.38,0.37,0.37,10797400.0,0.3164,0.0
2014-04-24,0.38,0.39,0.37,0.38,52012700.0,0.3249,0.026865
2014-04-25,0.38,0.39,0.37,0.38,19761900.0,0.3249,0.0
2014-04-28,0.38,0.38,0.37,0.37,1782000.0,0.3164,-0.026162
2014-04-29,0.37,0.38,0.37,0.38,7667600.0,0.3249,0.026865
2014-04-30,0.38,0.39,0.37,0.37,11414500.0,0.3164,-0.026162
2014-05-02,0.38,0.38,0.35,0.36,54751000.0,0.3078,-0.027181
2014-05-06,0.36,0.37,0.35,0.35,41007800.0,0.2993,-0.027615
2014-05-07,0.35,0.36,0.34,0.35,22530600.0,0.2993,0.0
2014-05-08,0.35,0.36,0.35,0.35,19675500.0,0.2993,0.0
2014-05-09,0.34,0.34,0.32,0.33,29579800.0,0.2822,-0.057133
2014-05-12,0.33,0.33,0.32,0.33,4474200.0,0.2822,0.0
2014-05-14,0.33,0.35,0.33,0.35,24300000.0,0.2993,0.060595
2014-05-15,0.34,0.35,0.34,0.35,11111000.0,0.2993,0.0
2014-05-16,0.35,0.36,0.35,0.35,12943900.0,0.2993,0.0
2014-05-19,0.35,0.36,0.34,0.36,9992900.0,0.3078,0.0284
2014-05-20,0.35,0.35,0.34,0.35,5925500.0,0.2993,-0.027615
2014-05-21,0.34,0.35,0.34,0.35,3615600.0,0.2993,0.0
2014-05-22,0.35,0.35,0.34,0.35,15757100.0,0.2993,0.0
2014-05-23,0.34,0.35,0.34,0.35,5079300.0,0.2993,0.0
2014-05-26,0.36,0.36,0.34,0.36,92372000.0,0.3078,0.0284
2014-05-27,0.37,0.37,0.36,0.36,58823000.0,0.3078,0.0
2014-05-28,0.36,0.37,0.36,0.37,34588900.0,0.3164,0.02794
2014-05-29,0.36,0.38,0.36,0.37,38362700.0,0.3164,0.0
2014-05-30,0.37,0.38,0.35,0.36,49463500.0,0.3078,-0.027181
2014-06-02,0.36,0.36,0.35,0.36,6172500.0,0.3078,0.0
2014-06-03,0.36,0.37,0.35,0.36,80659300.0,0.3078,0.0
2014-06-04,0.37,0.37,0.35,0.36,6873400.0,0.3078,0.0
2014-06-05,0.36,0.37,0.36,0.36,3673600.0,0.3078,0.0
2014-06-06,0.37,0.37,0.35,0.36,5271300.0,0.3078,0.0
2014-06-09,0.36,0.37,0.35,0.35,6463600.0,0.2993,-0.027615
2014-06-10,0.35,0.37,0.35,0.36,13193000.0,0.3078,0.0284
2014-06-11,0.36,0.38,0.36,0.38,129898900.0,0.3249,0.055556
2014-06-12,0.38,0.38,0.37,0.38,23661500.0,0.3249,0.0
2014-06-13,0.38,0.38,0.37,0.37,15202300.0,0.3164,-0.026162
2014-06-16,0.38,0.42,0.37,0.41,214258100.0,0.3506,0.108091
2014-06-17,0.41,0.42,0.39,0.4,93031800.0,0.3421,-0.024244
2014-06-18,0.4,0.44,0.38,0.44,221956800.0,0.3763,0.099971
2014-06-19,0.44,0.47,0.42,0.46,380458800.0,0.3934,0.045442
2014-06-20,0.45,0.5,0.45,0.5,931273800.0,0.4276,0.086934
2014-06-23,0.53,0.58,0.53,0.57,1283367600.0,0.4874,0.13985
2014-06-24,0.59,0.59,0.56,0.57,778404400.0,0.4874,0.0
2014-06-25,0.57,0.6,0.56,0.56,592297300.0,0.4789,-0.017439
2014-06-26,0.56,0.57,0.53,0.54,366664700.0,0.4618,-0.035707
2014-06-27,0.55,0.58,0.54,0.58,400987600.0,0.496,0.074058
2014-06-30,0.6,0.64,0.58,0.63,910736300.0,0.5387,0.086089
2014-07-02,0.62,0.63,0.6,0.61,481522800.0,0.5216,-0.031743
2014-07-03,0.61,0.67,0.61,0.67,709542000.0,0.5729,0.098351
2014-07-04,0.68,0.68,0.64,0.65,769061700.0,0.5558,-0.029848
2014-07-07,0.66,0.72,0.66,0.71,1116235000.0,0.6071,0.092299
2014-07-08,0.7,0.71,0.69,0.71,508920300.0,0.6071,0.0
2014-07-09,0.71,0.73,0.68,0.69,694584600.0,0.59,-0.028167
2014-07-10,0.68,0.68,0.54,0.61,60.0,0.5216,-0.115932
2014-07-14,0.61,0.62,0.57,0.58,394438700.0,0.496,-0.04908
2014-07-15,0.53,0.56,0.52,0.53,671312500.0,0.4532,-0.08629
2014-07-16,0.54,0.58,0.53,0.57,578390300.0,0.4874,0.075463
2014-07-17,0.58,0.6,0.57,0.57,339707000.0,0.4874,0.0
2014-07-18,0.57,0.58,0.55,0.55,214154900.0,0.4703,-0.035084
2014-07-21,0.56,0.58,0.55,0.56,306858500.0,0.4789,0.018286
2014-07-22,0.57,0.61,0.55,0.61,748873600.0,0.5216,0.089163
2014-07-23,0.61,0.62,0.59,0.6,736025200.0,0.5131,-0.016296
2014-07-24,0.6,0.61,0.58,0.59,203860900.0,0.5045,-0.016761
2014-07-25,0.59,0.61,0.57,0.57,374626100.0,0.4874,-0.033895
2014-07-28,0.57,0.58,0.56,0.57,99354900.0,0.4874,0.0
2014-07-29,0.57,0.58,0.55,0.55,158513500.0,0.4703,-0.035084
2014-07-30,0.55,0.56,0.51,0.54,187764300.0,0.4618,-0.018074
2014-07-31,0.53,0.57,0.53,0.53,195796900.0,0.4532,-0.018623
2014-08-01,0.53,0.54,0.52,0.53,83695000.0,0.4532,0.0
2014-08-04,0.53,0.54,0.52,0.52,59046400.0,0.4447,-0.018756
2014-08-05,0.52,0.54,0.52,0.53,163289900.0,0.4532,0.019114
2014-08-06,0.53,0.53,0.52,0.52,57191100.0,0.4447,-0.018756
2014-08-07,0.53,0.53,0.5,0.5,134694700.0,0.4276,-0.038453
2014-08-08,0.5,0.52,0.49,0.51,98713400.0,0.4361,0.019878
2014-08-13,0.51,0.54,0.51,0.53,344036000.0,0.4532,0.039211
2014-08-14,0.53,0.54,0.52,0.52,83356800.0,0.4447,-0.018756
2014-08-15,0.53,0.54,0.52,0.52,98986000.0,0.4447,0.0
2014-08-18,0.52,0.52,0.51,0.51,51903500.0,0.4361,-0.019339
2014-08-19,0.52,0.52,0.5,0.51,59667200.0,0.4361,0.0
2014-08-20,0.51,0.52,0.5,0.5,68241300.0,0.4276,-0.019491
2014-08-21,0.5,0.54,0.5,0.52,274764400.0,0.4447,0.039991
2014-08-22,0.53,0.56,0.53,0.55,622299300.0,0.4703,0.057567
2014-08-25,0.56,0.57,0.55,0.56,309843400.0,0.4789,0.018286
2014-08-26,0.56,0.56,0.54,0.54,89380700.0,0.4618,-0.035707
2014-08-27,0.55,0.55,0.52,0.53,96922400.0,0.4532,-0.018623
2014-08-28,0.53,0.54,0.52,0.52,50083900.0,0.4447,-0.018756
2014-08-29,0.52,0.54,0.52,0.53,74276100.0,0.4532,0.019114
2014-09-01,0.53,0.54,0.52,0.52,75477400.0,0.4447,-0.018756
2014-09-02,0.53,0.54,0.52,0.52,153815800.0,0.4447,0.0
2014-09-03,0.52,0.55,0.52,0.53,149286100.0,0.4532,0.019114
2014-09-04,0.54,0.54,0.52,0.53,81884200.0,0.4532,0.0
2014-09-05,0.53,0.57,0.53,0.56,768594600.0,0.4789,0.056708
2014-09-08,0.57,0.58,0.55,0.55,463705600.0,0.4703,-0.017958
2014-09-09,0.56,0.57,0.54,0.55,189929400.0,0.4703,0.0
2014-09-10,0.55,0.56,0.54,0.54,143293900.0,0.4618,-0.018074
2014-09-11,0.54,0.57,0.54,0.56,248372300.0,0.4789,0.037029
2014-09-12,0.56,0.57,0.55,0.56,145464300.0,0.4789,0.0
2014-09-15,0.56,0.56,0.55,0.55,46246400.0,0.4703,-0.017958
2014-09-16,0.56,0.59,0.55,0.57,1005567700.0,0.4874,0.03636
2014-09-17,0.58,0.59,0.56,0.57,489357900.0,0.4874,0.0
2014-09-18,0.57,0.58,0.56,0.56,99273400.0,0.4789,-0.017439
2014-09-19,0.56,0.59,0.56,0.58,421927800.0,0.496,0.035707
2014-09-22,0.58,0.6,0.57,0.58,621276200.0,0.496,0.0
2014-09-23,0.58,0.58,0.56,0.57,189917900.0,0.4874,-0.017339
2014-09-24,0.57,0.58,0.56,0.57,59974200.0,0.4874,0.0
2014-09-25,0.57,0.59,0.57,0.58,266764600.0,0.496,0.017645
2014-09-26,0.58,0.6,0.57,0.58,496951100.0,0.496,0.0
2014-09-29,0.57,0.58,0.54,0.55,450308900.0,0.4703,-0.051815
2014-09-30,0.55,0.56,0.54,0.55,139819100.0,0.4758,0.011695
2014-10-01,0.55,0.56,0.54,0.55,103938400.0,0.4758,0.0
2014-10-02,0.55,0.56,0.53,0.54,116403700.0,0.4672,-0.018075
2014-10-03,0.54,0.55,0.52,0.53,103431900.0,0.4585,-0.018622
2014-10-06,0.53,0.53,0.5,0.5,155995200.0,0.4326,-0.056489
2014-10-07,0.5,0.52,0.49,0.5,164109200.0,0.4326,0.0
2014-10-08,0.5,0.51,0.49,0.5,56469900.0,0.4326,0.0
2014-10-09,0.51,0.52,0.5,0.5,99900300.0,0.4326,0.0
2014-10-10,0.5,0.51,0.49,0.51,53865700.0,0.4412,0.01988
2014-10-13,0.51,0.54,0.5,0.53,225650600.0,0.4585,0.039211
2014-10-14,0.54,0.55,0.52,0.52,83667200.0,0.4499,-0.018757
2014-10-15,0.53,0.53,0.51,0.52,84163400.0,0.4499,0.0
2014-10-16,0.52,0.52,0.5,0.51,65723500.0,0.4412,-0.019338
2014-10-17,0.51,0.52,0.5,0.52,31289700.0,0.4499,0.019719
2014-10-20,0.52,0.52,0.5,0.5,47942500.0,0.4326,-0.038453
2014-10-21,0.51,0.52,0.5,0.5,54931300.0,0.4326,0.0
2014-10-22,0.51,0.51,0.5,0.5,57394200.0,0.4326,0.0
2014-10-24,0.51,0.51,0.5,0.5,61153900.0,0.4326,0.0
2014-10-27,0.51,0.52,0.5,0.52,175079300.0,0.4499,0.039991
2014-10-28,0.52,0.53,0.51,0.53,157599600.0,0.4585,0.019115
2014-10-29,0.53,0.54,0.52,0.53,9100000.0,0.4585,0.0
2014-10-30,0.53,0.53,0.52,0.52,37039300.0,0.4499,-0.018757
2014-10-31,0.53,0.55,0.52,0.54,278959500.0,0.4672,0.038453
2014-11-03,0.56,0.6,0.56,0.6,1324816500.0,0.5191,0.111087
2014-11-04,0.62,0.64,0.6,0.61,1678178500.0,0.5277,0.016567
2014-11-05,0.62,0.62,0.57,0.58,719470700.0,0.5018,-0.049081
2014-11-06,0.58,0.6,0.58,0.59,193050800.0,0.5104,0.017138
2014-11-07,0.59,0.61,0.58,0.59,609466900.0,0.5104,0.0
2014-11-10,0.6,0.6,0.57,0.57,251200000.0,0.4931,-0.033895
2014-11-11,0.57,0.58,0.55,0.56,291211700.0,0.4845,-0.017441
2014-11-12,0.56,0.57,0.53,0.54,250103000.0,0.4672,-0.035707
2014-11-13,0.54,0.57,0.53,0.56,318290100.0,0.4845,0.037029
2014-11-14,0.56,0.57,0.54,0.54,228719800.0,0.4672,-0.035707
2014-11-17,0.53,0.53,0.51,0.52,208713600.0,0.4499,-0.037029
2014-11-18,0.52,0.54,0.52,0.53,150415100.0,0.4585,0.019115
2014-11-19,0.54,0.54,0.53,0.53,57219800.0,0.4585,0.0
2014-11-20,0.53,0.54,0.52,0.52,89021100.0,0.4499,-0.018757
2014-11-21,0.53,0.53,0.52,0.52,67697700.0,0.4499,0.0
2014-11-24,0.53,0.53,0.51,0.52,102337700.0,0.4499,0.0
2014-11-25,0.52,0.53,0.52,0.52,171175000.0,0.4499,0.0
2014-11-26,0.52,0.53,0.51,0.52,91187200.0,0.4499,0.0
2014-11-27,0.53,0.54,0.52,0.52,80317600.0,0.4499,0.0
2014-11-28,0.53,0.53,0.52,0.52,77568500.0,0.4499,0.0
2014-12-01,0.52,0.53,0.52,0.52,53609200.0,0.4499,0.0
2014-12-02,0.53,0.53,0.51,0.52,60072500.0,0.4499,0.0
2014-12-03,0.52,0.53,0.51,0.52,39416300.0,0.4499,0.0
2014-12-04,0.52,0.53,0.51,0.53,26215400.0,0.4585,0.019115
2014-12-08,0.53,0.53,0.51,0.52,71535700.0,0.4499,-0.018757
2014-12-09,0.52,0.53,0.51,0.52,51634500.0,0.4499,0.0
2014-12-11,0.52,0.52,0.5,0.51,80540600.0,0.4412,-0.019338
2014-12-12,0.51,0.52,0.5,0.5,53305800.0,0.4326,-0.019492
2014-12-15,0.5,0.5,0.36,0.45,214935900.0,0.3893,-0.100092
2014-12-16,0.42,0.48,0.41,0.47,61512100.0,0.4066,0.044439
2014-12-17,0.47,0.49,0.47,0.48,36319300.0,0.4153,0.021397
2014-12-18,0.49,0.5,0.48,0.5,38566300.0,0.4326,0.041657
2014-12-19,0.5,0.5,0.47,0.49,55013600.0,0.4239,-0.020111
2014-12-22,0.49,0.51,0.48,0.5,32450600.0,0.4326,0.020524
2014-12-23,0.5,0.51,0.49,0.49,16229100.0,0.4239,-0.020111
2014-12-24,0.5,0.5,0.48,0.48,25966100.0,0.4153,-0.020288
2014-12-25,0.49,0.49,0.47,0.47,23132300.0,0.4066,-0.020949
2014-12-26,0.47,0.48,0.47,0.47,10000400.0,0.4066,0.0
2014-12-29,0.48,0.5,0.48,0.48,78771900.0,0.4153,0.021397
2014-12-30,0.49,0.5,0.48,0.5,37553100.0,0.4326,0.041657
2015-01-05,0.5,0.52,0.49,0.5,67149700.0,0.4326,0.0
2015-01-06,0.49,0.5,0.49,0.49,33773000.0,0.4239,-0.020111
2015-01-07,0.49,0.5,0.49,0.49,35814800.0,0.4239,0.0
2015-01-08,0.49,0.49,0.48,0.48,36172600.0,0.4153,-0.020288
2015-01-09,0.49,0.49,0.47,0.48,63118800.0,0.4153,0.0
2015-01-12,0.49,0.49,0.47,0.47,27331200.0,0.4066,-0.020949
2015-01-13,0.47,0.49,0.47,0.47,73334000.0,0.4066,0.0
2015-01-14,0.48,0.49,0.47,0.47,61539900.0,0.4066,0.0
2015-01-15,0.47,0.48,0.47,0.48,16419500.0,0.4153,0.021397
2015-01-16,0.48,0.48,0.47,0.47,28187600.0,0.4066,-0.020949
2015-01-19,0.47,0.48,0.47,0.47,27257400.0,0.4066,0.0
2015-01-20,0.47,0.48,0.46,0.47,34163600.0,0.4066,0.0
2015-01-21,0.47,0.48,0.46,0.46,52204800.0,0.398,-0.021151
2015-01-22,0.47,0.48,0.46,0.47,135122300.0,0.4066,0.021608
2015-01-23,0.47,0.48,0.46,0.47,62086600.0,0.4066,0.0
2015-01-26,0.47,0.47,0.46,0.46,43959100.0,0.398,-0.021151
2015-01-27,0.46,0.46,0.45,0.45,41825400.0,0.3893,-0.021859
2015-01-28,0.45,0.46,0.45,0.45,57858100.0,0.3893,0.0
2015-01-29,0.45,0.48,0.45,0.46,103471500.0,0.398,0.022348
2015-01-30,0.47,0.48,0.45,0.46,56628900.0,0.398,0.0
2015-02-02,0.46,0.46,0.44,0.45,83064400.0,0.3893,-0.021859
2015-02-03,0.45,0.46,0.45,0.45,31791500.0,0.3893,0.0
2015-02-04,0.45,0.46,0.44,0.46,46121000.0,0.398,0.022348
2015-02-05,0.46,0.46,0.45,0.45,31610300.0,0.3893,-0.021859
2015-02-06,0.45,0.45,0.43,0.44,68838100.0,0.3807,-0.022091
2015-02-09,0.44,0.44,0.42,0.42,112140600.0,0.3634,-0.045443
2015-02-10,0.42,0.44,0.41,0.44,115797800.0,0.3807,0.047606
2015-02-11,0.43,0.44,0.43,0.44,8406800.0,0.3807,0.0
2015-02-12,0.44,0.45,0.43,0.44,41567000.0,0.3807,0.0
2015-02-13,0.44,0.46,0.44,0.44,101860200.0,0.3807,0.0
2015-02-16,0.44,0.45,0.43,0.43,30062400.0,0.372,-0.022853
2015-02-17,0.43,0.44,0.43,0.43,22764800.0,0.372,0.0
2015-02-18,0.44,0.44,0.42,0.42,25011800.0,0.3634,-0.023118
2015-02-19,0.43,0.43,0.42,0.42,23462600.0,0.3634,0.0
2015-02-20,0.42,0.44,0.42,0.42,23490800.0,0.3634,0.0
2015-02-23,0.43,0.44,0.42,0.43,36544800.0,0.372,0.023665
2015-02-24,0.43,0.44,0.43,0.43,32370100.0,0.372,0.0
2015-02-25,0.43,0.45,0.42,0.44,74285000.0,0.3807,0.023387
2015-02-26,0.45,0.46,0.43,0.43,207989500.0,0.372,-0.022853
2015-02-27,0.44,0.45,0.44,0.44,52388100.0,0.3807,0.023387
2015-03-02,0.45,0.46,0.44,0.45,160854700.0,0.3893,0.02259
2015-03-03,0.45,0.46,0.43,0.43,162513900.0,0.372,-0.044439
2015-03-05,0.43,0.44,0.42,0.42,53654800.0,0.3634,-0.023118
2015-03-06,0.42,0.43,0.41,0.42,50429300.0,0.3634,0.0
2015-03-09,0.42,0.42,0.4,0.41,65703300.0,0.3547,-0.023941
2015-03-10,0.41,0.42,0.39,0.39,215939400.0,0.3374,-0.048774
2015-03-11,0.4,0.41,0.39,0.41,138215100.0,0.3547,0.051274
2015-03-12,0.41,0.41,0.4,0.4,29189500.0,0.3461,-0.024246
2015-03-13,0.4,0.41,0.4,0.4,43096300.0,0.3461,0.0
2015-03-16,0.4,0.41,0.38,0.39,43494400.0,0.3374,-0.025137
2015-03-17,0.4,0.4,0.38,0.38,20127000.0,0.3288,-0.025489
2015-03-18,0.38,0.4,0.38,0.39,21524100.0,0.3374,0.026156
2015-03-19,0.39,0.4,0.38,0.38,37811100.0,0.3288,-0.025489
2015-03-20,0.39,0.39,0.38,0.39,24494500.0,0.3374,0.026156
2015-03-23,0.39,0.39,0.37,0.37,29497600.0,0.3201,-0.051274
2015-03-24,0.37,0.38,0.35,0.36,51627600.0,0.3114,-0.027179
2015-03-25,0.36,0.38,0.36,0.37,24380900.0,0.3201,0.027938
2015-03-26,0.37,0.38,0.36,0.36,19326000.0,0.3114,-0.027179
2015-03-27,0.36,0.37,0.35,0.36,33872100.0,0.3114,0.0
2015-03-30,0.36,0.37,0.36,0.37,14196700.0,0.3201,0.027938
2015-03-31,0.36,0.37,0.36,0.37,10056900.0,0.3201,0.0
2015-04-01,0.37,0.38,0.37,0.37,18981200.0,0.3201,0.0
2015-04-02,0.38,0.4,0.37,0.39,64957300.0,0.3374,0.054046
2015-04-03,0.39,0.4,0.39,0.39,11637100.0,0.3374,0.0
2015-04-07,0.39,0.4,0.38,0.39,17290400.0,0.3374,0.0
2015-04-08,0.39,0.4,0.39,0.39,8813100.0,0.3374,0.0
2015-04-09,0.39,0.43,0.39,0.42,150372300.0,0.3634,0.07706
2015-04-10,0.42,0.43,0.41,0.42,34314000.0,0.3634,0.0
2015-04-16,0.43,0.44,0.42,0.43,50272300.0,0.372,0.023665
2015-04-17,0.44,0.44,0.41,0.42,44125400.0,0.3634,-0.023118
2015-04-20,0.42,0.43,0.41,0.41,21990800.0,0.3547,-0.023941
2015-04-21,0.42,0.43,0.41,0.42,21022600.0,0.3634,0.024528
2015-04-22,0.42,0.43,0.39,0.4,69842200.0,0.3461,-0.047606
2015-04-23,0.4,0.42,0.4,0.41,31958700.0,0.3547,0.024848
2015-04-24,0.41,0.42,0.4,0.41,11458700.0,0.3547,0.0
2015-04-27,0.41,0.42,0.4,0.41,13237400.0,0.3547,0.0
2015-04-28,0.41,0.42,0.4,0.41,27061700.0,0.3547,0.0
2015-04-29,0.4,0.41,0.38,0.39,85287400.0,0.3422,-0.035241
2015-04-30,0.39,0.4,0.38,0.38,41342500.0,0.3334,-0.025716
2015-05-04,0.38,0.38,0.38,0.38,0.0,0.3334,0.0
2015-05-06,0.39,0.4,0.38,0.39,37501500.0,0.3422,0.026395
2015-05-07,0.39,0.4,0.38,0.38,23661100.0,0.3334,-0.025716
2015-05-08,0.38,0.4,0.38,0.4,20365700.0,0.351,0.052789
2015-05-11,0.37,0.37,0.35,0.35,56341100.0,0.3115,-0.112536
2015-05-12,0.35,0.35,0.33,0.34,37897900.0,0.3026,-0.028571
2015-05-13,0.34,0.34,0.33,0.34,10111700.0,0.3026,0.0
2015-05-14,0.35,0.35,0.33,0.34,12986600.0,0.3026,0.0
2015-05-15,0.35,0.36,0.34,0.36,16192200.0,0.3204,0.058824
2015-05-18,0.36,0.37,0.35,0.35,16660300.0,0.3115,-0.027778
2015-05-19,0.36,0.37,0.35,0.37,16341900.0,0.3293,0.057143
2015-05-20,0.37,0.37,0.36,0.37,6688200.0,0.3293,0.0
2015-05-21,0.37,0.38,0.36,0.37,23968500.0,0.3293,0.0
2015-05-22,0.38,0.38,0.35,0.36,23418800.0,0.3204,-0.027027
2015-05-25,0.36,0.36,0.35,0.35,7063000.0,0.3115,-0.027778
2015-05-26,0.35,0.36,0.35,0.35,13514300.0,0.3115,0.0
2015-05-27,0.35,0.36,0.34,0.35,18458900.0,0.3115,0.0
2015-05-28,0.36,0.36,0.34,0.35,10717000.0,0.3115,0.0
2015-05-29,0.35,0.36,0.35,0.35,9959700.0,0.3115,0.0
2015-06-02,0.35,0.36,0.33,0.34,37092300.0,0.3026,-0.028571
2015-06-03,0.34,0.35,0.34,0.35,15560100.0,0.3115,0.029412
2015-06-04,0.34,0.36,0.34,0.35,13231200.0,0.3115,0.0
2015-06-05,0.35,0.36,0.34,0.35,10871600.0,0.3115,0.0
2015-06-08,0.36,0.37,0.35,0.36,37675300.0,0.3204,0.028571
2015-06-09,0.35,0.37,0.35,0.36,19637300.0,0.3204,0.0
2015-06-10,0.35,0.37,0.35,0.35,24958300.0,0.3115,-0.027778
2015-06-11,0.36,0.37,0.35,0.37,19150500.0,0.3293,0.057143
2015-06-12,0.37,0.37,0.35,0.37,28375300.0,0.3293,0.0
2015-06-15,0.37,0.39,0.36,0.37,65208000.0,0.3293,0.0
2015-06-16,0.38,0.38,0.36,0.36,11664100.0,0.3204,-0.027027
2015-06-17,0.37,0.37,0.36,0.37,15493500.0,0.3293,0.027778
2015-06-18,0.37,0.38,0.36,0.36,38441300.0,0.3204,-0.027027
2015-06-19,0.37,0.37,0.35,0.36,21219100.0,0.3204,0.0
2015-06-22,0.36,0.37,0.35,0.36,15613600.0,0.3204,0.0
2015-06-23,0.36,0.37,0.36,0.36,11676000.0,0.3204,0.0
2015-06-24,0.36,0.37,0.36,0.36,9752600.0,0.3204,0.0
2015-06-25,0.36,0.37,0.35,0.36,12744200.0,0.3204,0.0
2015-06-26,0.36,0.37,0.35,0.36,17779900.0,0.3204,0.0
2015-06-29,0.36,0.36,0.34,0.35,23859500.0,0.3115,-0.027778
2015-06-30,0.36,0.37,0.35,0.36,73946900.0,0.3204,0.028571
2015-07-02,0.36,0.37,0.35,0.36,19488100.0,0.3204,0.0
2015-07-03,0.36,0.36,0.35,0.36,11509000.0,0.3204,0.0
2015-07-06,0.35,0.37,0.35,0.35,18050400.0,0.3115,-0.027778
2015-07-07,0.35,0.36,0.35,0.36,5229800.0,0.3204,0.028571
2015-07-08,0.36,0.36,0.34,0.35,36555200.0,0.3115,-0.027778
2015-07-09,0.35,0.36,0.34,0.35,12692200.0,0.3115,0.0
2015-07-10,0.35,0.37,0.35,0.36,54499900.0,0.3204,0.028571
2015-07-13,0.36,0.37,0.35,0.36,10862200.0,0.3204,0.0
2015-07-14,0.36,0.37,0.35,0.35,17259200.0,0.3115,-0.027778
2015-07-15,0.36,0.36,0.35,0.35,8064300.0,0.3115,0.0
2015-07-16,0.35,0.36,0.35,0.36,32004600.0,0.3204,0.028571
2015-07-17,0.36,0.36,0.35,0.35,13945500.0,0.3115,-0.027778
2015-07-20,0.35,0.36,0.34,0.35,14405300.0,0.3115,0.0
2015-07-21,0.34,0.35,0.33,0.34,34260900.0,0.3026,-0.028571
2015-07-22,0.33,0.34,0.33,0.34,7197900.0,0.3026,0.0
2015-07-23,0.34,0.35,0.33,0.34,11515600.0,0.3026,0.0
2015-07-24,0.34,0.35,0.33,0.34,8221800.0,0.3026,0.0
2015-07-27,0.34,0.34,0.33,0.33,18450600.0,0.2937,-0.029412
2015-07-28,0.33,0.34,0.31,0.32,30543300.0,0.2848,-0.030303
2015-07-29,0.32,0.34,0.32,0.34,26680500.0,0.3026,0.0625
2015-07-31,0.34,0.35,0.33,0.34,21330300.0,0.3026,0.0
2015-08-03,0.34,0.35,0.33,0.33,9634500.0,0.2937,-0.029412
2015-08-04,0.34,0.35,0.33,0.34,18788000.0,0.3026,0.030303
2015-08-05,0.34,0.36,0.34,0.34,100753100.0,0.3026,0.0
2015-08-06,0.35,0.35,0.34,0.34,8108900.0,0.3026,0.0
2015-08-07,0.34,0.35,0.34,0.34,4792600.0,0.3026,0.0
2015-08-10,0.34,0.35,0.34,0.34,9834000.0,0.3026,0.0
2015-08-11,0.34,0.35,0.33,0.33,36374600.0,0.2937,-0.029412
2015-08-13,0.33,0.33,0.32,0.33,20635200.0,0.2937,0.0
2015-08-14,0.33,0.34,0.32,0.33,10189400.0,0.2937,0.0
2015-08-17,0.34,0.34,0.33,0.33,3782100.0,0.2937,0.0
2015-08-18,0.31,0.33,0.31,0.31,42384800.0,0.2759,-0.060606
2015-08-19,0.32,0.33,0.32,0.32,6916900.0,0.2848,0.032258
2015-08-20,0.33,0.33,0.32,0.32,6956800.0,0.2848,0.0
2015-08-21,0.32,0.32,0.31,0.32,6214100.0,0.2848,0.0
2015-08-24,0.31,0.32,0.3,0.3,39140200.0,0.267,-0.0625
2015-08-25,0.3,0.31,0.28,0.3,31251500.0,0.267,0.0
2015-08-26,0.3,0.31,0.29,0.29,13710700.0,0.2581,-0.033333
2015-08-27,0.3,0.31,0.3,0.3,7437100.0,0.267,0.034483
2015-08-28,0.3,0.31,0.3,0.3,8991500.0,0.267,0.0
2015-08-31,0.3,0.31,0.29,0.31,12172100.0,0.2759,0.033333
2015-09-01,0.3,0.31,0.3,0.3,12880900.0,0.267,-0.032258
2015-09-02,0.31,0.31,0.3,0.3,3282700.0,0.267,0.0
2015-09-03,0.31,0.31,0.3,0.3,3681500.0,0.267,0.0
2015-09-04,0.3,0.31,0.3,0.3,11681900.0,0.267,0.0
2015-09-07,0.3,0.31,0.3,0.3,7675400.0,0.267,0.0
2015-09-08,0.3,0.31,0.3,0.3,5370700.0,0.267,0.0
2015-09-09,0.3,0.31,0.3,0.31,8326500.0,0.2759,0.033333
2015-09-10,0.3,0.32,0.3,0.31,43852000.0,0.2759,0.0
2015-09-11,0.31,0.33,0.31,0.32,63027300.0,0.2848,0.032258
2015-09-14,0.32,0.32,0.31,0.31,18655400.0,0.2759,-0.03125
2015-09-15,0.32,0.32,0.31,0.31,13906900.0,0.2759,0.0
2015-09-16,0.32,0.32,0.31,0.32,4453100.0,0.2848,0.032258
2015-09-17,0.32,0.32,0.31,0.31,6660200.0,0.2759,-0.03125
2015-09-18,0.32,0.32,0.31,0.32,2896000.0,0.2848,0.032258
2015-09-21,0.31,0.32,0.31,0.32,4142700.0,0.2848,0.0
2015-09-22,0.32,0.32,0.31,0.31,7854500.0,0.2759,-0.03125
2015-09-23,0.31,0.32,0.31,0.31,6864500.0,0.2759,0.0
2015-09-24,0.31,0.32,0.31,0.31,8913800.0,0.2759,0.0
2015-09-25,0.31,0.32,0.3,0.31,23987600.0,0.2759,0.0
2015-09-28,0.31,0.31,0.3,0.3,7611500.0,0.267,-0.032258
2015-09-29,0.31,0.31,0.3,0.31,2687300.0,0.2759,0.033333
2015-09-30,0.31,0.31,0.3,0.3,8734800.0,0.267,-0.032258
2015-10-01,0.3,0.31,0.3,0.3,14907900.0,0.267,0.0
2015-10-02,0.31,0.31,0.3,0.3,10449000.0,0.267,0.0
2015-10-05,0.3,0.32,0.3,0.31,21412100.0,0.2759,0.033333
2015-10-06,0.31,0.31,0.3,0.31,4282300.0,0.2759,0.0
2015-10-07,0.31,0.31,0.3,0.3,11504500.0,0.267,-0.032258
2015-10-08,0.31,0.32,0.3,0.3,21374000.0,0.267,0.0
2015-10-09,0.3,0.31,0.3,0.31,6387400.0,0.2759,0.033333
2015-10-12,0.31,0.31,0.3,0.3,3473900.0,0.267,-0.032258
2015-10-13,0.3,0.31,0.3,0.31,11081400.0,0.2759,0.033333
2015-10-14,0.3,0.31,0.3,0.3,10102100.0,0.267,-0.032258
2015-10-15,0.31,0.31,0.3,0.3,4797200.0,0.267,0.0
2015-10-16,0.31,0.31,0.3,0.3,5490500.0,0.267,0.0
2015-10-19,0.31,0.31,0.3,0.3,10286800.0,0.267,0.0
2015-10-20,0.31,0.31,0.3,0.3,7867900.0,0.267,0.0
2015-10-21,0.3,0.31,0.3,0.3,4555000.0,0.267,0.0
2015-10-22,0.31,0.31,0.3,0.3,11379500.0,0.267,0.0
2015-10-26,0.31,0.31,0.3,0.31,10125800.0,0.2759,0.033333
2015-10-27,0.31,0.31,0.3,0.3,5072300.0,0.267,-0.032258
2015-10-28,0.31,0.31,0.29,0.3,35955200.0,0.267,0.0
2015-10-29,0.3,0.31,0.29,0.3,33875200.0,0.267,0.0
2015-10-30,0.3,0.31,0.29,0.3,10781000.0,0.267,0.0
2015-11-02,0.3,0.31,0.29,0.3,4039700.0,0.267,0.0
2015-11-03,0.3,0.31,0.29,0.3,6712700.0,0.267,0.0
2015-11-04,0.3,0.31,0.29,0.3,5237200.0,0.267,0.0
2015-11-05,0.3,0.31,0.29,0.3,3354300.0,0.267,0.0
2015-11-06,0.29,0.3,0.29,0.3,3198000.0,0.267,0.0
2015-11-09,0.3,0.3,0.29,0.29,6778200.0,0.2581,-0.033333
2015-11-10,0.3,0.3,0.29,0.29,6298900.0,0.2581,0.0
2015-11-11,0.29,0.3,0.29,0.3,2202700.0,0.267,0.034483
2015-11-12,0.29,0.3,0.29,0.29,23792400.0,0.2581,-0.033333
2015-11-13,0.29,0.3,0.29,0.29,7990100.0,0.2581,0.0
2015-11-16,0.29,0.29,0.27,0.28,37608200.0,0.2492,-0.034483
2015-11-17,0.28,0.29,0.27,0.29,19331300.0,0.2581,0.035714
2015-11-18,0.28,0.29,0.28,0.28,21199800.0,0.2492,-0.034483
2015-11-19,0.29,0.29,0.28,0.29,3331100.0,0.2581,0.035714
2015-11-20,0.28,0.29,0.28,0.28,6035200.0,0.2492,-0.034483
2015-11-23,0.29,0.29,0.28,0.28,12482400.0,0.2492,0.0
2015-11-24,0.29,0.29,0.28,0.28,10169800.0,0.2492,0.0
2015-11-25,0.28,0.28,0.27,0.27,8748200.0,0.2403,-0.035714
2015-11-26,0.27,0.28,0.26,0.26,37228600.0,0.2314,-0.037037
2015-11-27,0.26,0.27,0.25,0.26,12903600.0,0.2314,0.0
2015-11-30,0.26,0.27,0.25,0.26,19657500.0,0.2314,0.0
2015-12-01,0.26,0.27,0.25,0.25,11789700.0,0.2225,-0.038462
2015-12-02,0.25,0.26,0.25,0.25,4907700.0,0.2225,0.0
2015-12-03,0.25,0.25,0.24,0.24,32427800.0,0.2136,-0.04
2015-12-04,0.23,0.25,0.23,0.24,8824000.0,0.2136,0.0
2015-12-08,0.24,0.25,0.23,0.23,12852100.0,0.2047,-0.041667
2015-12-09,0.23,0.24,0.23,0.24,14057700.0,0.2136,0.043478
2015-12-11,0.23,0.24,0.23,0.24,3525000.0,0.2136,0.0
2015-12-14,0.23,0.24,0.22,0.23,13134900.0,0.2047,-0.041667
2015-12-15,0.23,0.24,0.23,0.24,4264400.0,0.2136,0.043478
2015-12-16,0.24,0.24,0.24,0.24,7978600.0,0.2136,0.0
2015-12-17,0.24,0.25,0.23,0.24,13026500.0,0.2136,0.0
2015-12-18,0.24,0.25,0.23,0.24,14709700.0,0.2136,0.0
2015-12-21,0.23,0.24,0.22,0.22,34153800.0,0.1958,-0.083333
2015-12-22,0.22,0.23,0.21,0.21,31704700.0,0.1869,-0.045455
2015-12-23,0.22,0.23,0.21,0.22,22773200.0,0.1958,0.047619
2015-12-24,0.22,0.25,0.22,0.24,41420600.0,0.2136,0.090909
2015-12-25,0.25,0.25,0.23,0.23,13298000.0,0.2047,-0.041667
2015-12-28,0.23,0.25,0.23,0.24,11393000.0,0.2136,0.043478
2015-12-29,0.24,0.25,0.23,0.23,6989400.0,0.2047,-0.041667
2015-12-30,0.24,0.25,0.24,0.24,3621400.0,0.2136,0.043478
2016-01-04,0.23,0.24,0.23,0.23,17528700.0,0.2047,-0.041667
2016-01-05,0.23,0.24,0.22,0.23,11155500.0,0.2047,0.0
2016-01-06,0.23,0.24,0.23,0.23,931400.0,0.2047,0.0
2016-01-07,0.23,0.23,0.22,0.22,6473800.0,0.1958,-0.043478
2016-01-08,0.23,0.23,0.22,0.22,10433900.0,0.1958,0.0
2016-01-11,0.21,0.23,0.21,0.22,11694700.0,0.1958,0.0
2016-01-12,0.22,0.23,0.22,0.22,1454700.0,0.1958,0.0
2016-01-13,0.22,0.23,0.22,0.23,2870900.0,0.2047,0.045455
2016-01-14,0.22,0.24,0.22,0.23,16287300.0,0.2047,0.0
2016-01-15,0.23,0.24,0.22,0.22,37203700.0,0.1958,-0.043478
2016-01-18,0.22,0.23,0.22,0.22,14662300.0,0.1958,0.0
2016-01-19,0.22,0.23,0.22,0.22,1940500.0,0.1958,0.0
2016-01-20,0.22,0.23,0.21,0.22,6234500.0,0.1958,0.0
2016-01-21,0.22,0.24,0.21,0.23,36106500.0,0.2047,0.045455
2016-01-22,0.23,0.25,0.23,0.24,39383000.0,0.2136,0.043478
2016-01-25,0.24,0.3,0.24,0.29,195667500.0,0.2581,0.208333
2016-01-26,0.29,0.31,0.28,0.28,183117600.0,0.2492,-0.034483
2016-01-27,0.28,0.3,0.28,0.29,63927900.0,0.2581,0.035714
2016-01-28,0.29,0.3,0.28,0.28,9233400.0,0.2492,-0.034483
2016-01-29,0.29,0.29,0.28,0.28,7451900.0,0.2492,0.0
2016-02-01,0.28,0.29,0.27,0.28,26403500.0,0.2492,0.0
2016-02-02,0.28,0.3,0.27,0.29,58953200.0,0.2581,0.035714
2016-02-03,0.29,0.29,0.28,0.29,25689100.0,0.2581,0.0
2016-02-04,0.28,0.31,0.28,0.29,211221800.0,0.2581,0.0
2016-02-05,0.29,0.3,0.29,0.29,17018800.0,0.2581,0.0
2016-02-08,0.3,0.31,0.29,0.29,120190300.0,0.2581,0.0
2016-02-09,0.3,0.3,0.29,0.29,7418300.0,0.2581,0.0
2016-02-10,0.29,0.3,0.28,0.29,25623200.0,0.2581,0.0
2016-02-11,0.29,0.3,0.28,0.29,12933900.0,0.2581,0.0
2016-02-12,0.28,0.29,0.27,0.27,42584000.0,0.2403,-0.068966
2016-02-15,0.28,0.28,0.26,0.26,43067900.0,0.2314,-0.037037
2016-02-16,0.27,0.27,0.26,0.26,7334000.0,0.2314,0.0
2016-02-17,0.26,0.27,0.25,0.25,16646300.0,0.2225,-0.038462
2016-02-18,0.25,0.26,0.24,0.25,13620800.0,0.2225,0.0
2016-02-19,0.25,0.26,0.24,0.26,23797700.0,0.2314,0.04
2016-02-23,0.26,0.26,0.25,0.25,6909600.0,0.2225,-0.038462
2016-02-24,0.25,0.26,0.25,0.25,6345900.0,0.2225,0.0
2016-02-25,0.25,0.27,0.25,0.26,26182000.0,0.2314,0.04
2016-02-26,0.27,0.27,0.25,0.26,7574600.0,0.2314,0.0
2016-02-29,0.26,0.27,0.25,0.25,5023800.0,0.2225,-0.038462
2016-03-01,0.26,0.26,0.25,0.25,9599100.0,0.2225,0.0
2016-03-02,0.26,0.26,0.25,0.26,7213000.0,0.2314,0.04
2016-03-03,0.26,0.27,0.26,0.26,7663800.0,0.2314,0.0
2016-03-04,0.27,0.27,0.25,0.25,3203800.0,0.2225,-0.038462
2016-03-07,0.26,0.27,0.25,0.27,3587800.0,0.2403,0.08
2016-03-08,0.27,0.27,0.26,0.26,4765500.0,0.2314,-0.037037
2016-03-09,0.26,0.27,0.26,0.26,2813700.0,0.2314,0.0
2016-03-10,0.26,0.26,0.25,0.26,10188500.0,0.2314,0.0
2016-03-11,0.26,0.27,0.26,0.26,4960700.0,0.2314,0.0
2016-03-14,0.26,0.27,0.25,0.26,4440200.0,0.2314,0.0
2016-03-15,0.26,0.26,0.25,0.26,2364100.0,0.2314,0.0
2016-03-16,0.25,0.26,0.25,0.25,1542500.0,0.2225,-0.038462
2016-03-17,0.25,0.26,0.25,0.25,2470700.0,0.2225,0.0
2016-03-18,0.25,0.26,0.25,0.25,4893400.0,0.2225,0.0
2016-03-21,0.25,0.26,0.25,0.25,12539300.0,0.2225,0.0
2016-03-22,0.25,0.26,0.25,0.25,5455200.0,0.2225,0.0
2016-03-23,0.25,0.26,0.25,0.25,1517500.0,0.2225,0.0
2016-03-24,0.26,0.26,0.25,0.26,5600800.0,0.2314,0.04
2016-03-25,0.26,0.26,0.25,0.25,16315000.0,0.2225,-0.038462
2016-03-28,0.25,0.26,0.25,0.25,1152200.0,0.2225,0.0
2016-03-29,0.25,0.26,0.25,0.26,3598000.0,0.2314,0.04
2016-03-30,0.26,0.26,0.25,0.26,8584300.0,0.2314,0.0
2016-03-31,0.26,0.27,0.25,0.26,36731000.0,0.2314,0.0
2016-04-01,0.26,0.26,0.25,0.25,3801100.0,0.2225,-0.038462
2016-04-04,0.26,0.27,0.25,0.26,14559500.0,0.2314,0.04
2016-04-05,0.26,0.26,0.25,0.25,5150900.0,0.2225,-0.038462
2016-04-07,0.26,0.26,0.25,0.25,2407800.0,0.2225,0.0
2016-04-08,0.26,0.26,0.25,0.25,4626800.0,0.2225,0.0
2016-04-11,0.25,0.26,0.25,0.25,7684100.0,0.2225,0.0
2016-04-12,0.25,0.26,0.25,0.26,1860700.0,0.2314,0.04
2016-04-18,0.26,0.26,0.25,0.25,3770700.0,0.2225,-0.038462
2016-04-19,0.25,0.27,0.25,0.26,19069900.0,0.2314,0.04
2016-04-20,0.26,0.27,0.25,0.26,7892600.0,0.2314,0.0
2016-04-21,0.26,0.27,0.25,0.26,7931300.0,0.2314,0.0
2016-04-22,0.26,0.27,0.25,0.25,3718500.0,0.2225,-0.038462
2016-04-25,0.26,0.26,0.25,0.26,7432200.0,0.2314,0.04
2016-04-26,0.26,0.26,0.25,0.25,5021900.0,0.2225,-0.038462
2016-04-27,0.25,0.26,0.25,0.25,3573200.0,0.2225,0.0
2016-04-28,0.25,0.26,0.25,0.25,3765700.0,0.2225,0.0
2016-04-29,0.26,0.26,0.25,0.25,2155000.0,0.2225,0.0
2016-05-03,0.25,0.26,0.25,0.25,11975900.0,0.2237,0.005393
2016-05-04,0.25,0.26,0.25,0.26,22731700.0,0.2327,0.040232
2016-05-09,0.25,0.26,0.25,0.25,11028000.0,0.2237,-0.038676
2016-05-10,0.26,0.26,0.25,0.26,5142500.0,0.2327,0.040232
2016-05-11,0.25,0.27,0.25,0.27,26270500.0,0.2416,0.038247
2016-05-12,0.27,0.28,0.27,0.27,39871100.0,0.2416,0.0
2016-05-13,0.28,0.29,0.27,0.27,71832000.0,0.2416,0.0
2016-05-16,0.3,0.31,0.29,0.29,169491900.0,0.2595,0.074089
2016-05-17,0.3,0.31,0.29,0.29,77545700.0,0.2595,0.0
2016-05-18,0.3,0.3,0.29,0.3,58445300.0,0.2685,0.034682
2016-05-19,0.3,0.3,0.29,0.29,27586700.0,0.2595,-0.03352
2016-05-23,0.3,0.3,0.29,0.29,14686500.0,0.2595,0.0
2016-05-24,0.3,0.3,0.27,0.28,78719200.0,0.2506,-0.034297
2016-05-25,0.28,0.29,0.28,0.28,13612800.0,0.2506,0.0
2016-05-26,0.29,0.29,0.28,0.29,3836200.0,0.2595,0.035515
2016-05-27,0.29,0.29,0.28,0.28,6364300.0,0.2506,-0.034297
2016-05-30,0.29,0.3,0.28,0.29,24595800.0,0.2595,0.035515
2016-05-31,0.29,0.3,0.28,0.29,10647700.0,0.2595,0.0
2016-06-01,0.29,0.29,0.28,0.29,2638500.0,0.2595,0.0
2016-06-02,0.28,0.29,0.28,0.29,3905300.0,0.2595,0.0
2016-06-03,0.29,0.29,0.28,0.28,3890900.0,0.2506,-0.034297
2016-06-06,0.28,0.3,0.28,0.29,15032100.0,0.2595,0.035515
2016-06-07,0.29,0.3,0.28,0.29,9131800.0,0.2595,0.0
2016-06-08,0.29,0.3,0.28,0.29,12637200.0,0.2595,0.0
2016-06-09,0.29,0.3,0.29,0.3,21558600.0,0.2685,0.034682
2016-06-10,0.3,0.3,0.29,0.3,19129200.0,0.2685,0.0
2016-06-13,0.3,0.3,0.29,0.29,14016900.0,0.2595,-0.03352
2016-06-14,0.3,0.3,0.29,0.29,30956300.0,0.2595,0.0
2016-06-15,0.3,0.33,0.3,0.32,110345700.0,0.2864,0.103661
2016-06-16,0.32,0.33,0.31,0.31,77834200.0,0.2774,-0.031425
2016-06-17,0.32,0.32,0.3,0.31,60504400.0,0.2774,0.0
2016-06-20,0.32,0.34,0.32,0.33,261571000.0,0.2953,0.064528
2016-06-21,0.34,0.35,0.33,0.34,162842200.0,0.3043,0.030477
2016-06-22,0.34,0.35,0.32,0.33,146169500.0,0.2953,-0.029576
2016-06-23,0.33,0.35,0.32,0.33,93511400.0,0.2953,0.0
2016-06-24,0.33,0.34,0.32,0.34,107511400.0,0.3043,0.030477
2016-06-27,0.34,0.35,0.33,0.34,73932700.0,0.3043,0.0
2016-06-28,0.34,0.35,0.33,0.35,64287200.0,0.3132,0.029247
2016-06-29,0.35,0.35,0.34,0.35,39640900.0,0.3132,0.0
2016-06-30,0.35,0.35,0.34,0.34,38155800.0,0.3043,-0.028416
2016-07-04,0.35,0.35,0.34,0.34,32377000.0,0.3043,0.0
2016-07-05,0.35,0.37,0.34,0.36,271897200.0,0.3222,0.058824
2016-07-06,0.37,0.38,0.36,0.38,181269600.0,0.34,0.055245
2016-07-07,0.38,0.39,0.36,0.37,188941700.0,0.3311,-0.026176
2016-07-08,0.38,0.38,0.37,0.37,35397800.0,0.3311,0.0
2016-07-11,0.38,0.39,0.37,0.37,55155900.0,0.3311,0.0
2016-07-12,0.38,0.38,0.36,0.36,56027500.0,0.3222,-0.02688
2016-07-13,0.36,0.38,0.36,0.37,209073700.0,0.3311,0.027623
2016-07-14,0.38,0.38,0.36,0.37,63995900.0,0.3311,0.0
2016-07-15,0.37,0.37,0.36,0.36,32749000.0,0.3222,-0.02688
2016-07-20,0.37,0.37,0.35,0.36,57477500.0,0.3222,0.0
2016-07-21,0.36,0.37,0.36,0.37,36396000.0,0.3311,0.027623
2016-07-22,0.38,0.38,0.37,0.37,104924800.0,0.3311,0.0
2016-07-25,0.38,0.39,0.38,0.38,177362800.0,0.34,0.02688
2016-07-26,0.38,0.39,0.37,0.38,67440900.0,0.34,0.0
2016-07-27,0.37,0.38,0.37,0.38,43533000.0,0.34,0.0
2016-07-28,0.38,0.39,0.37,0.38,123969500.0,0.34,0.0
2016-07-29,0.39,0.39,0.38,0.38,32501300.0,0.34,0.0
2016-08-01,0.39,0.39,0.37,0.38,66659200.0,0.34,0.0
2016-08-02,0.38,0.38,0.37,0.37,54200800.0,0.3311,-0.026176
2016-08-03,0.37,0.38,0.36,0.37,50951400.0,0.3311,0.0
2016-08-04,0.37,0.38,0.36,0.36,20600800.0,0.3222,-0.02688
2016-08-05,0.37,0.38,0.36,0.37,25842500.0,0.3311,0.027623
2016-08-08,0.37,0.38,0.36,0.36,31938200.0,0.3222,-0.02688
2016-08-09,0.37,0.37,0.36,0.37,14048300.0,0.3311,0.027623
2016-08-10,0.36,0.37,0.35,0.35,128052800.0,0.3132,-0.054062
2016-08-11,0.35,0.36,0.34,0.36,74343900.0,0.3222,0.028736
2016-08-15,0.35,0.36,0.35,0.36,34435700.0,0.3222,0.0
2016-08-16,0.36,0.36,0.34,0.34,46906400.0,0.3043,-0.055556
2016-08-17,0.34,0.35,0.33,0.34,76783500.0,0.3043,0.0
2016-08-18,0.34,0.35,0.33,0.35,26725000.0,0.3132,0.029247
2016-08-19,0.35,0.35,0.33,0.34,46324400.0,0.3043,-0.028416
2016-08-22,0.35,0.35,0.34,0.34,19724900.0,0.3043,0.0
2016-08-23,0.35,0.35,0.34,0.34,19082100.0,0.3043,0.0
2016-08-24,0.34,0.35,0.34,0.34,15823700.0,0.3043,0.0
2016-08-25,0.34,0.35,0.34,0.34,19162600.0,0.3043,0.0
2016-08-26,0.33,0.34,0.33,0.34,10311600.0,0.3043,0.0
2016-08-29,0.33,0.34,0.33,0.33,24167400.0,0.2953,-0.029576
2016-08-30,0.34,0.34,0.33,0.33,30042300.0,0.2953,0.0
2016-08-31,0.34,0.34,0.33,0.34,20127700.0,0.3043,0.030477
2016-09-01,0.34,0.36,0.33,0.36,160200100.0,0.3222,0.058824
2016-09-02,0.36,0.37,0.35,0.36,195956400.0,0.3222,0.0
2016-09-05,0.36,0.37,0.34,0.34,166246600.0,0.3043,-0.055556
2016-09-06,0.35,0.36,0.34,0.36,68116500.0,0.3222,0.058824
2016-09-07,0.36,0.37,0.34,0.35,107091200.0,0.3132,-0.027933
2016-09-08,0.35,0.35,0.33,0.33,144171700.0,0.2953,-0.057152
2016-09-09,0.34,0.34,0.33,0.34,34137400.0,0.3043,0.030477
2016-09-12,0.33,0.34,0.32,0.32,52039800.0,0.2864,-0.058824
2016-09-13,0.33,0.34,0.32,0.33,35740500.0,0.2953,0.031075
2016-09-14,0.33,0.34,0.32,0.33,10319000.0,0.2953,0.0
2016-09-15,0.33,0.34,0.33,0.33,14946600.0,0.2953,0.0
2016-09-16,0.33,0.34,0.32,0.33,20908200.0,0.2953,0.0
2016-09-19,0.33,0.34,0.32,0.32,21333700.0,0.2864,-0.030139
2016-09-20,0.33,0.33,0.32,0.33,11279100.0,0.2953,0.031075
2016-09-21,0.33,0.34,0.32,0.33,46585800.0,0.2953,0.0
2016-09-22,0.34,0.34,0.33,0.33,11242900.0,0.2953,0.0
2016-09-23,0.34,0.35,0.33,0.34,121776900.0,0.3043,0.030477
2016-09-26,0.34,0.35,0.34,0.34,19367400.0,0.3043,0.0
2016-09-27,0.35,0.36,0.33,0.34,90412500.0,0.3043,0.0
2016-09-28,0.35,0.35,0.33,0.34,37740700.0,0.3043,0.0
2016-09-29,0.34,0.34,0.33,0.34,5012000.0,0.3043,0.0
2016-09-30,0.33,0.34,0.33,0.33,8287200.0,0.2953,-0.029576
2016-10-03,0.33,0.34,0.33,0.33,30570900.0,0.2953,0.0
2016-10-04,0.33,0.34,0.33,0.34,11572000.0,0.3043,0.030477
2016-10-05,0.34,0.34,0.33,0.34,3298600.0,0.3043,0.0
2016-10-06,0.33,0.34,0.33,0.34,4708400.0,0.3043,0.0
2016-10-07,0.33,0.34,0.33,0.34,7349200.0,0.3043,0.0
2016-10-10,0.32,0.33,0.31,0.31,62484000.0,0.2774,-0.0884
2016-10-11,0.32,0.32,0.3,0.31,45687000.0,0.2774,0.0
2016-10-12,0.31,0.31,0.24,0.27,135440200.0,0.2416,-0.129056
2016-10-13,0.26,0.27,0.23,0.25,120401500.0,0.2237,-0.074089
2016-10-14,0.26,0.3,0.26,0.3,92791500.0,0.2685,0.200268
2016-10-17,0.29,0.3,0.29,0.3,18940600.0,0.2685,0.0
2016-10-18,0.3,0.3,0.28,0.29,38399500.0,0.2595,-0.03352
2016-10-19,0.29,0.3,0.28,0.29,11746000.0,0.2595,0.0
2016-10-20,0.29,0.31,0.29,0.31,57310500.0,0.2774,0.068979
2016-10-21,0.31,0.31,0.3,0.3,23890100.0,0.2685,-0.032084
2016-10-25,0.3,0.31,0.29,0.3,23025400.0,0.2685,0.0
2016-10-26,0.3,0.3,0.29,0.29,8822300.0,0.2595,-0.03352
2016-10-27,0.3,0.31,0.29,0.3,17401300.0,0.2685,0.034682
2016-10-28,0.31,0.31,0.29,0.3,11939300.0,0.2685,0.0
2016-10-31,0.3,0.31,0.29,0.3,7030200.0,0.2685,0.0
2016-11-01,0.3,0.31,0.29,0.3,18288900.0,0.2685,0.0
2016-11-02,0.3,0.31,0.29,0.3,7597700.0,0.2685,0.0
2016-11-03,0.3,0.31,0.28,0.29,60728600.0,0.2595,-0.03352
2016-11-04,0.29,0.3,0.28,0.29,29262300.0,0.2595,0.0
2016-11-07,0.3,0.3,0.28,0.29,32936500.0,0.2595,0.0
2016-11-08,0.29,0.3,0.29,0.29,15774300.0,0.2595,0.0
2016-11-09,0.29,0.3,0.28,0.3,17112900.0,0.2685,0.034682
2016-11-10,0.3,0.3,0.29,0.29,6610900.0,0.2595,-0.03352
2016-11-11,0.29,0.3,0.28,0.29,10504800.0,0.2595,0.0
2016-11-14,0.28,0.29,0.28,0.28,31060500.0,0.2506,-0.034297
2016-11-15,0.28,0.29,0.28,0.29,6770200.0,0.2595,0.035515
2016-11-16,0.28,0.29,0.28,0.28,6950600.0,0.2506,-0.034297
2016-11-17,0.28,0.29,0.28,0.28,11770200.0,0.2506,0.0
2016-11-18,0.29,0.29,0.28,0.29,8564600.0,0.2595,0.035515
2016-11-21,0.28,0.29,0.27,0.28,32651000.0,0.2506,-0.034297
2016-11-22,0.28,0.28,0.27,0.28,12645100.0,0.2506,0.0
2016-11-23,0.27,0.28,0.27,0.28,13038800.0,0.2506,0.0
2016-11-24,0.28,0.29,0.27,0.28,27639600.0,0.2506,0.0
2016-11-25,0.28,0.29,0.28,0.28,5700600.0,0.2506,0.0
2016-11-28,0.28,0.29,0.28,0.28,10380100.0,0.2506,0.0
2016-11-29,0.28,0.29,0.27,0.28,11860300.0,0.2506,0.0
2016-11-30,0.28,0.29,0.27,0.28,7649400.0,0.2506,0.0
2016-12-01,0.28,0.29,0.27,0.27,3775900.0,0.2416,-0.035914
2016-12-02,0.28,0.28,0.27,0.27,2927300.0,0.2416,0.0
2016-12-06,0.28,0.28,0.27,0.27,5812300.0,0.2416,0.0
2016-12-07,0.28,0.28,0.27,0.27,5085200.0,0.2416,0.0
2016-12-08,0.28,0.29,0.27,0.28,22331000.0,0.2506,0.037252
2016-12-09,0.28,0.29,0.27,0.28,5828300.0,0.2506,0.0
2016-12-13,0.28,0.28,0.27,0.28,4392600.0,0.2506,0.0
2016-12-14,0.28,0.29,0.27,0.28,14385400.0,0.2506,0.0
2016-12-15,0.28,0.29,0.28,0.29,6560400.0,0.2595,0.035515
2016-12-16,0.28,0.29,0.28,0.28,16066400.0,0.2506,-0.034297
2016-12-19,0.28,0.29,0.27,0.28,10772900.0,0.2506,0.0
2016-12-20,0.29,0.29,0.28,0.28,9015000.0,0.2506,0.0
2016-12-21,0.28,0.29,0.28,0.28,5753100.0,0.2506,0.0
2016-12-22,0.28,0.29,0.28,0.28,7116300.0,0.2506,0.0
2016-12-23,0.28,0.28,0.27,0.28,4521300.0,0.2506,0.0
2016-12-26,0.27,0.28,0.27,0.28,21111600.0,0.2506,0.0
2016-12-27,0.27,0.28,0.27,0.28,6399000.0,0.2506,0.0
2016-12-28,0.28,0.28,0.27,0.28,7521900.0,0.2506,0.0
2016-12-29,0.28,0.3,0.28,0.29,86772000.0,0.2595,0.035515
2016-12-30,0.29,0.31,0.29,0.3,166147300.0,0.2685,0.034682
2017-01-04,0.3,0.31,0.29,0.29,28842000.0,0.2595,-0.03352
2017-01-05,0.3,0.3,0.29,0.3,45584000.0,0.2685,0.034682
2017-01-06,0.3,0.31,0.29,0.29,49440500.0,0.2595,-0.03352
2017-01-09,0.3,0.3,0.29,0.29,10947500.0,0.2595,0.0
2017-01-10,0.3,0.3,0.29,0.3,4837600.0,0.2685,0.034682
2017-01-11,0.3,0.3,0.29,0.3,16451200.0,0.2685,0.0
2017-01-12,0.3,0.31,0.29,0.3,34806800.0,0.2685,0.0
2017-01-16,0.3,0.31,0.3,0.3,40201000.0,0.2685,0.0
2017-01-17,0.3,0.3,0.29,0.3,4671500.0,0.2685,0.0
2017-01-18,0.3,0.3,0.29,0.3,13948900.0,0.2685,0.0
2017-01-19,0.29,0.3,0.29,0.29,18575400.0,0.2595,-0.03352
2017-01-20,0.3,0.3,0.29,0.3,8507300.0,0.2685,0.034682
2017-01-23,0.3,0.3,0.29,0.3,8446700.0,0.2685,0.0
2017-01-24,0.29,0.3,0.29,0.29,43111100.0,0.2595,-0.03352
2017-01-25,0.3,0.3,0.29,0.29,21156600.0,0.2595,0.0
2017-01-26,0.29,0.3,0.29,0.29,17614900.0,0.2595,0.0
2017-01-27,0.3,0.3,0.28,0.29,18119800.0,0.2595,0.0
2017-01-30,0.3,0.3,0.29,0.3,9173500.0,0.2685,0.034682
2017-01-31,0.3,0.3,0.28,0.29,13699500.0,0.2595,-0.03352
2017-02-01,0.29,0.3,0.28,0.28,30059300.0,0.2506,-0.034297
2017-02-02,0.29,0.29,0.28,0.28,20887000.0,0.2506,0.0
2017-02-03,0.28,0.29,0.28,0.28,9233300.0,0.2506,0.0
2017-02-06,0.28,0.29,0.28,0.28,7657300.0,0.2506,0.0
2017-02-07,0.29,0.29,0.28,0.28,10601900.0,0.2506,0.0
2017-02-08,0.28,0.29,0.28,0.28,4544500.0,0.2506,0.0
2017-02-09,0.29,0.29,0.28,0.28,8828100.0,0.2506,0.0
2017-02-10,0.29,0.29,0.28,0.28,5792000.0,0.2506,0.0
2017-02-14,0.29,0.29,0.28,0.28,11742700.0,0.2506,0.0
2017-02-15,0.28,0.29,0.27,0.28,12733000.0,0.2506,0.0
2017-02-16,0.28,0.29,0.28,0.28,3913800.0,0.2506,0.0
2017-02-17,0.28,0.29,0.28,0.28,3327000.0,0.2506,0.0
2017-02-20,0.28,0.29,0.28,0.28,6371300.0,0.2506,0.0
2017-02-21,0.29,0.29,0.28,0.28,2236500.0,0.2506,0.0
2017-02-22,0.28,0.29,0.28,0.28,9045200.0,0.2506,0.0
2017-02-23,0.28,0.29,0.28,0.28,5181700.0,0.2506,0.0
2017-02-24,0.28,0.29,0.28,0.28,3696400.0,0.2506,0.0
2017-02-27,0.28,0.29,0.27,0.28,3073900.0,0.2506,0.0
2017-02-28,0.28,0.29,0.27,0.28,17939700.0,0.2506,0.0
2017-03-01,0.29,0.29,0.28,0.28,4877300.0,0.2506,0.0
2017-03-02,0.28,0.29,0.28,0.28,5541100.0,0.2506,0.0
2017-03-03,0.29,0.29,0.28,0.28,5197200.0,0.2506,0.0
2017-03-06,0.28,0.29,0.27,0.28,15450700.0,0.2506,0.0
2017-03-07,0.28,0.28,0.27,0.27,5692700.0,0.2416,-0.035914
2017-03-08,0.28,0.28,0.27,0.28,6986000.0,0.2506,0.037252
2017-03-09,0.28,0.28,0.27,0.28,3893100.0,0.2506,0.0
2017-03-10,0.27,0.28,0.27,0.27,12374300.0,0.2416,-0.035914
2017-03-13,0.28,0.28,0.27,0.27,11954700.0,0.2416,0.0
2017-03-14,0.27,0.28,0.27,0.27,14552000.0,0.2416,0.0
2017-03-15,0.28,0.28,0.27,0.28,5732000.0,0.2506,0.037252
2017-03-16,0.27,0.28,0.27,0.27,3407300.0,0.2416,-0.035914
2017-03-17,0.27,0.28,0.27,0.27,3391000.0,0.2416,0.0
2017-03-20,0.28,0.28,0.27,0.27,3393300.0,0.2416,0.0
2017-03-21,0.27,0.28,0.27,0.27,17868400.0,0.2416,0.0
2017-03-22,0.27,0.28,0.27,0.27,5223700.0,0.2416,0.0
2017-03-23,0.28,0.28,0.27,0.28,5803100.0,0.2506,0.037252
2017-03-24,0.27,0.28,0.27,0.28,1666600.0,0.2506,0.0
2017-03-27,0.28,0.3,0.28,0.29,62069700.0,0.2595,0.035515
2017-03-28,0.29,0.3,0.28,0.28,9557000.0,0.2506,-0.034297
2017-03-29,0.29,0.29,0.28,0.29,3167700.0,0.2595,0.035515
2017-03-30,0.28,0.29,0.28,0.28,4770700.0,0.2506,-0.034297
2017-03-31,0.29,0.29,0.28,0.28,6173300.0,0.2506,0.0
2017-04-03,0.28,0.29,0.28,0.29,3002900.0,0.2595,0.035515
2017-04-04,0.28,0.29,0.28,0.28,18599600.0,0.2506,-0.034297
2017-04-05,0.28,0.29,0.27,0.28,32079700.0,0.2506,0.0
2017-04-07,0.28,0.28,0.27,0.27,7434500.0,0.2416,-0.035914
2017-04-10,0.28,0.28,0.27,0.27,6247900.0,0.2416,0.0
2017-04-11,0.27,0.28,0.27,0.28,2897700.0,0.2506,0.037252
2017-04-12,0.27,0.28,0.27,0.28,5599200.0,0.2506,0.0
2017-04-17,0.28,0.28,0.27,0.28,4957500.0,0.2506,0.0
2017-04-18,0.27,0.28,0.27,0.28,5721000.0,0.2506,0.0
2017-04-19,0.28,0.28,0.27,0.28,5428100.0,0.2506,0.0
2017-04-20,0.28,0.28,0.27,0.28,2981200.0,0.2506,0.0
2017-04-21,0.28,0.28,0.27,0.28,2254000.0,0.2506,0.0
2017-04-24,0.27,0.28,0.27,0.28,4804400.0,0.2506,0.0
2017-04-25,0.27,0.28,0.27,0.27,6440200.0,0.2416,-0.035914
2017-04-26,0.27,0.28,0.27,0.27,7007800.0,0.2416,0.0
2017-04-27,0.27,0.28,0.27,0.27,17922200.0,0.2416,0.0
2017-04-28,0.28,0.28,0.27,0.27,8565300.0,0.2416,0.0
2017-05-02,0.28,0.28,0.27,0.28,3162200.0,0.2506,0.037252
2017-05-03,0.27,0.28,0.27,0.27,4855200.0,0.2486,-0.007981
2017-05-04,0.27,0.28,0.27,0.28,15697100.0,0.2655,0.067981
2017-05-08,0.27,0.3,0.27,0.29,56374400.0,0.275,0.035782
2017-05-09,0.28,0.29,0.27,0.28,22242700.0,0.2655,-0.034545
2017-05-11,0.28,0.29,0.27,0.27,181021600.0,0.256,-0.035782
2017-05-12,0.27,0.28,0.27,0.27,13375300.0,0.256,0.0
2017-05-15,0.26,0.26,0.26,0.26,2316700.0,0.2465,-0.037109
2017-05-16,0.26,0.27,0.25,0.26,33789100.0,0.2465,0.0
2017-05-17,0.27,0.27,0.26,0.26,7083900.0,0.2465,0.0
2017-05-18,0.27,0.27,0.26,0.27,3097500.0,0.256,0.03854
2017-05-19,0.26,0.27,0.26,0.26,2981800.0,0.2465,-0.037109
2017-05-22,0.27,0.27,0.26,0.26,9087200.0,0.2465,0.0
2017-05-23,0.26,0.27,0.26,0.26,2729800.0,0.2465,0.0
2017-05-24,0.26,0.27,0.26,0.26,2419700.0,0.2465,0.0
2017-05-25,0.27,0.27,0.26,0.27,4085500.0,0.256,0.03854
2017-05-26,0.26,0.27,0.26,0.26,12165100.0,0.2465,-0.037109
2017-05-29,0.26,0.27,0.26,0.26,10571000.0,0.2465,0.0
2017-05-30,0.26,0.27,0.26,0.27,5048900.0,0.256,0.03854
2017-05-31,0.27,0.27,0.26,0.27,1637400.0,0.256,0.0
2017-06-01,0.26,0.27,0.26,0.26,3273700.0,0.2465,-0.037109
2017-06-02,0.27,0.27,0.26,0.26,2310500.0,0.2465,0.0
2017-06-05,0.27,0.27,0.26,0.26,6251000.0,0.2465,0.0
2017-06-06,0.26,0.27,0.26,0.26,7616500.0,0.2465,0.0
2017-06-07,0.26,0.27,0.26,0.26,6485600.0,0.2465,0.0
2017-06-08,0.26,0.27,0.26,0.26,10812600.0,0.2465,0.0
2017-06-09,0.26,0.27,0.26,0.26,8062800.0,0.2465,0.0
2017-06-12,0.26,0.27,0.26,0.26,3370400.0,0.2465,0.0
2017-06-13,0.27,0.28,0.26,0.28,75397700.0,0.2655,0.077079
2017-06-14,0.27,0.28,0.26,0.27,31991200.0,0.256,-0.035782
2017-06-15,0.27,0.28,0.26,0.27,13976200.0,0.256,0.0
2017-06-16,0.28,0.28,0.27,0.27,3375400.0,0.256,0.0
2017-06-19,0.28,0.28,0.27,0.27,7219800.0,0.256,0.0
2017-06-20,0.28,0.28,0.27,0.27,2735000.0,0.256,0.0
2017-06-21,0.28,0.28,0.27,0.27,12596300.0,0.256,0.0
2017-06-22,0.28,0.28,0.27,0.27,25355100.0,0.256,0.0
2017-06-23,0.27,0.28,0.27,0.27,13831900.0,0.256,0.0
2017-06-26,0.27,0.28,0.27,0.27,9346400.0,0.256,0.0
2017-06-27,0.27,0.3,0.26,0.29,451984000.0,0.275,0.074219
2017-06-28,0.29,0.3,0.28,0.29,133097400.0,0.275,0.0
2017-06-29,0.3,0.3,0.28,0.28,31874900.0,0.2655,-0.034545
2017-06-30,0.28,0.29,0.28,0.29,23225000.0,0.275,0.035782
2017-07-03,0.29,0.29,0.28,0.28,14547500.0,0.2655,-0.034545
2017-07-04,0.28,0.29,0.28,0.28,10825700.0,0.2655,0.0
2017-07-05,0.28,0.29,0.27,0.29,43609200.0,0.275,0.035782
2017-07-06,0.29,0.3,0.28,0.28,121243700.0,0.2655,-0.034545
2017-07-07,0.28,0.29,0.28,0.28,11766000.0,0.2655,0.0
2017-07-11,0.28,0.29,0.28,0.28,6404600.0,0.2655,0.0
2017-07-12,0.28,0.29,0.28,0.28,18574700.0,0.2655,0.0
2017-07-13,0.29,0.29,0.28,0.29,12692700.0,0.275,0.035782
2017-07-14,0.28,0.29,0.28,0.28,13138100.0,0.2655,-0.034545
2017-07-17,0.28,0.29,0.28,0.28,18569200.0,0.2655,0.0
2017-07-18,0.28,0.28,0.26,0.26,108792000.0,0.2465,-0.071563
2017-07-19,0.26,0.27,0.25,0.26,80206300.0,0.2465,0.0
2017-07-20,0.26,0.27,0.26,0.27,12498700.0,0.256,0.03854
2017-07-21,0.26,0.27,0.26,0.26,23676900.0,0.2465,-0.037109
2017-07-24,0.26,0.26,0.25,0.25,12877800.0,0.2371,-0.038134
2017-07-25,0.26,0.26,0.25,0.25,6340500.0,0.2371,0.0
2017-07-26,0.26,0.26,0.25,0.25,18667900.0,0.2371,0.0
2017-07-27,0.26,0.26,0.25,0.26,5505000.0,0.2465,0.039646
2017-07-31,0.25,0.26,0.25,0.26,13341500.0,0.2465,0.0
2017-08-01,0.26,0.26,0.25,0.25,2999300.0,0.2371,-0.038134
2017-08-02,0.26,0.26,0.25,0.26,4467700.0,0.2465,0.039646
2017-08-03,0.25,0.26,0.25,0.25,3084800.0,0.2371,-0.038134
2017-08-04,0.26,0.26,0.25,0.25,3809200.0,0.2371,0.0
2017-08-07,0.25,0.26,0.25,0.25,41384700.0,0.2371,0.0
2017-08-08,0.25,0.26,0.25,0.25,19210900.0,0.2371,0.0
2017-08-09,0.25,0.26,0.24,0.25,8016100.0,0.2371,0.0
2017-08-10,0.26,0.26,0.25,0.25,2961500.0,0.2371,0.0
2017-08-11,0.25,0.26,0.24,0.25,9861500.0,0.2371,0.0
2017-08-15,0.25,0.25,0.24,0.25,9325800.0,0.2371,0.0
2017-08-16,0.25,0.25,0.24,0.25,17097800.0,0.2371,0.0
2017-08-17,0.25,0.25,0.24,0.25,10169300.0,0.2371,0.0
2017-08-18,0.25,0.25,0.24,0.25,4699200.0,0.2371,0.0
2017-08-21,0.25,0.25,0.24,0.25,8489000.0,0.2371,0.0
2017-08-22,0.25,0.25,0.24,0.25,8566700.0,0.2371,0.0
2017-08-23,0.25,0.26,0.24,0.26,103445200.0,0.2465,0.039646
2017-08-24,0.26,0.26,0.24,0.25,37669300.0,0.2371,-0.038134
2017-08-25,0.25,0.25,0.24,0.25,7684700.0,0.2371,0.0
2017-08-28,0.25,0.25,0.25,0.25,1587700.0,0.2371,0.0
2017-08-29,0.25,0.25,0.24,0.24,31424500.0,0.2276,-0.040067
2017-08-30,0.25,0.25,0.24,0.25,6810000.0,0.2371,0.04174
2017-08-31,0.25,0.25,0.24,0.24,6171300.0,0.2276,-0.040067
2017-09-01,0.24,0.25,0.24,0.24,4668200.0,0.2276,0.0
2017-09-04,0.24,0.25,0.24,0.24,2529600.0,0.2276,0.0
2017-09-05,0.25,0.25,0.24,0.24,9047700.0,0.2276,0.0
2017-09-06,0.25,0.25,0.23,0.24,61533800.0,0.2276,0.0
2017-09-07,0.24,0.25,0.24,0.24,3403700.0,0.2276,0.0
2017-09-08,0.25,0.25,0.24,0.24,16677700.0,0.2276,0.0
2017-09-11,0.24,0.25,0.23,0.24,23937500.0,0.2276,0.0
2017-09-12,0.25,0.25,0.23,0.24,50864700.0,0.2276,0.0
2017-09-13,0.24,0.25,0.23,0.24,16546500.0,0.2276,0.0
2017-09-14,0.24,0.25,0.23,0.24,11055900.0,0.2276,0.0
2017-09-15,0.24,0.25,0.23,0.24,7596300.0,0.2276,0.0
2017-09-18,0.24,0.24,0.23,0.24,3741100.0,0.2276,0.0
2017-09-19,0.24,0.24,0.23,0.24,4460400.0,0.2276,0.0
2017-09-20,0.23,0.24,0.23,0.24,2439200.0,0.2276,0.0
2017-09-21,0.24,0.24,0.23,0.24,7877100.0,0.2276,0.0
2017-09-22,0.24,0.24,0.23,0.24,8537000.0,0.2276,0.0
2017-09-25,0.23,0.24,0.23,0.24,8924500.0,0.2276,0.0
2017-09-26,0.24,0.24,0.23,0.24,2330400.0,0.2276,0.0
2017-09-27,0.23,0.24,0.23,0.24,1754900.0,0.2276,0.0
2017-09-28,0.24,0.24,0.23,0.24,8324500.0,0.2276,0.0
2017-09-29,0.24,0.24,0.23,0.24,4620500.0,0.2276,0.0
2017-10-02,0.23,0.24,0.23,0.24,5292200.0,0.2276,0.0
2017-10-03,0.23,0.24,0.23,0.23,3728100.0,0.2181,-0.04174
2017-10-04,0.24,0.24,0.23,0.23,5489700.0,0.2181,0.0
2017-10-05,0.24,0.24,0.23,0.24,6780500.0,0.2276,0.043558
2017-10-06,0.23,0.24,0.23,0.24,7451100.0,0.2276,0.0
2017-10-09,0.24,0.24,0.23,0.24,4306400.0,0.2276,0.0
2017-10-10,0.24,0.24,0.23,0.23,4432700.0,0.2181,-0.04174
2017-10-11,0.24,0.24,0.23,0.23,10769800.0,0.2181,0.0
2017-10-12,0.24,0.24,0.23,0.23,6400600.0,0.2181,0.0
2017-10-16,0.23,0.23,0.23,0.23,1074800.0,0.2181,0.0
2017-10-17,0.23,0.23,0.22,0.23,6051700.0,0.2181,0.0
2017-10-18,0.23,0.24,0.23,0.23,11195400.0,0.2181,0.0
2017-10-19,0.23,0.24,0.22,0.22,9159000.0,0.2086,-0.043558
2017-10-20,0.22,0.23,0.22,0.22,6949800.0,0.2086,0.0
2017-10-24,0.22,0.23,0.22,0.22,7338900.0,0.2086,0.0
2017-10-25,0.23,0.23,0.22,0.22,10044400.0,0.2086,0.0
2017-10-27,0.23,0.23,0.22,0.22,4366600.0,0.2086,0.0
2017-10-30,0.22,0.23,0.21,0.22,26671400.0,0.2086,0.0
2017-10-31,0.23,0.23,0.21,0.22,6194100.0,0.2086,0.0
2017-11-01,0.22,0.23,0.21,0.22,9912500.0,0.2086,0.0
2017-11-02,0.22,0.22,0.21,0.21,5511200.0,0.1991,-0.045542
2017-11-03,0.21,0.22,0.2,0.21,34229400.0,0.1991,0.0
2017-11-06,0.21,0.22,0.21,0.21,9243700.0,0.1991,0.0
2017-11-07,0.21,0.22,0.21,0.21,3207800.0,0.1991,0.0
2017-11-08,0.21,0.22,0.21,0.21,7351400.0,0.1991,0.0
2017-11-09,0.21,0.21,0.2,0.2,8382100.0,0.1896,-0.047715
2017-11-10,0.2,0.21,0.2,0.2,14936900.0,0.1896,0.0
2017-11-13,0.21,0.21,0.19,0.2,7298700.0,0.1896,0.0
2017-11-14,0.2,0.21,0.19,0.2,21018100.0,0.1896,0.0
2017-11-15,0.2,0.2,0.19,0.19,10922700.0,0.1802,-0.049578
2017-11-16,0.19,0.2,0.18,0.19,32920500.0,0.1802,0.0
2017-11-17,0.19,0.19,0.17,0.18,26439400.0,0.1707,-0.052719
2017-11-20,0.18,0.19,0.17,0.18,16524000.0,0.1707,0.0
2017-11-21,0.18,0.18,0.18,0.18,4765400.0,0.1707,0.0
2017-11-22,0.18,0.19,0.18,0.18,3131100.0,0.1707,0.0
2017-11-23,0.18,0.19,0.18,0.18,8228300.0,0.1707,0.0
2017-11-24,0.18,0.19,0.17,0.18,5694100.0,0.1707,0.0
2017-11-27,0.18,0.19,0.17,0.18,7587700.0,0.1707,0.0
2017-11-28,0.18,0.19,0.18,0.19,1092500.0,0.1802,0.055653
2017-11-29,0.18,0.19,0.18,0.18,568000.0,0.1707,-0.052719
2017-11-30,0.19,0.19,0.18,0.18,6136700.0,0.1707,0.0
2017-12-01,0.18,0.19,0.18,0.19,4888900.0,0.1802,0.055653
2017-12-04,0.18,0.19,0.17,0.18,6970900.0,0.1707,-0.052719
2017-12-06,0.18,0.18,0.17,0.17,1072500.0,0.1612,-0.055653
2017-12-07,0.18,0.18,0.17,0.17,2692600.0,0.1612,0.0
2017-12-08,0.17,0.18,0.17,0.17,2495200.0,0.1612,0.0
2017-12-12,0.17,0.17,0.16,0.16,10908000.0,0.1517,-0.058933
2017-12-13,0.16,0.17,0.15,0.16,15698300.0,0.1517,0.0
2017-12-14,0.16,0.16,0.15,0.15,8501800.0,0.1422,-0.062624
2017-12-15,0.15,0.16,0.14,0.15,25377400.0,0.1422,0.0
2017-12-18,0.15,0.16,0.14,0.16,9068600.0,0.1517,0.066807
2017-12-19,0.15,0.16,0.15,0.15,2883600.0,0.1422,-0.062624
2017-12-20,0.16,0.17,0.16,0.17,16880200.0,0.1612,0.133615
2017-12-21,0.17,0.19,0.17,0.18,37344500.0,0.1707,0.058933
2017-12-22,0.18,0.18,0.17,0.17,7572400.0,0.1612,-0.055653
2017-12-25,0.18,0.18,0.17,0.18,5318900.0,0.1707,0.058933
2017-12-26,0.18,0.18,0.17,0.18,6363400.0,0.1707,0.0
2017-12-27,0.18,0.19,0.18,0.18,4420600.0,0.1707,0.0
2017-12-28,0.18,0.19,0.17,0.18,8790000.0,0.1707,0.0
2017-12-29,0.18,0.19,0.17,0.18,5727900.0,0.1707,0.0
2018-01-03,0.18,0.19,0.17,0.18,9564400.0,0.1707,0.0
2018-01-04,0.18,0.19,0.16,0.17,44196100.0,0.1612,-0.055653
2018-01-05,0.17,0.17,0.15,0.16,34356600.0,0.1517,-0.058933
2018-01-08,0.16,0.17,0.16,0.16,9334600.0,0.1517,0.0
2018-01-09,0.16,0.16,0.16,0.16,438000.0,0.1517,0.0
2018-01-10,0.17,0.17,0.16,0.16,2346600.0,0.1517,0.0
2018-01-11,0.17,0.17,0.16,0.16,8192400.0,0.1517,0.0
2018-01-12,0.16,0.16,0.15,0.16,3395800.0,0.1517,0.0
2018-01-15,0.16,0.16,0.15,0.15,8366800.0,0.1422,-0.062624
2018-01-16,0.15,0.16,0.15,0.15,3100500.0,0.1422,0.0
2018-01-17,0.16,0.17,0.15,0.16,7004300.0,0.1517,0.066807
2018-01-18,0.16,0.17,0.15,0.16,7931600.0,0.1517,0.0
2018-01-19,0.15,0.16,0.15,0.16,2376400.0,0.1517,0.0
2018-01-22,0.16,0.16,0.15,0.16,4549700.0,0.1517,0.0
2018-01-23,0.15,0.16,0.15,0.16,8639800.0,0.1517,0.0
2018-01-24,0.15,0.16,0.15,0.16,3672100.0,0.1517,0.0
2018-01-25,0.16,0.16,0.15,0.16,2042100.0,0.1517,0.0
2018-01-26,0.15,0.16,0.15,0.16,2620500.0,0.1517,0.0
2018-01-29,0.15,0.16,0.15,0.16,2515400.0,0.1517,0.0
2018-01-30,0.16,0.16,0.15,0.15,6477300.0,0.1422,-0.062624
2018-01-31,0.16,0.16,0.15,0.15,2171600.0,0.1422,0.0
2018-02-01,0.15,0.16,0.15,0.15,3501000.0,0.1422,0.0
2018-02-02,0.16,0.16,0.15,0.15,8816400.0,0.1422,0.0
2018-02-05,0.15,0.16,0.15,0.15,5740000.0,0.1422,0.0
2018-02-06,0.15,0.16,0.14,0.15,30666500.0,0.1422,0.0
2018-02-07,0.15,0.16,0.14,0.15,10146200.0,0.1422,0.0
2018-02-08,0.14,0.15,0.14,0.15,3249500.0,0.1422,0.0
2018-02-09,0.14,0.15,0.14,0.15,2376000.0,0.1422,0.0
2018-02-12,0.15,0.15,0.14,0.15,4476800.0,0.1422,0.0
2018-02-13,0.15,0.15,0.14,0.15,1601900.0,0.1422,0.0
2018-02-14,0.15,0.15,0.14,0.14,3492300.0,0.1328,-0.066104
2018-02-15,0.14,0.16,0.14,0.15,18082600.0,0.1422,0.070783
2018-02-16,0.15,0.16,0.14,0.15,11111300.0,0.1422,0.0
2018-02-19,0.14,0.15,0.14,0.15,1558400.0,0.1422,0.0
2018-02-20,0.15,0.15,0.14,0.14,3978200.0,0.1328,-0.066104
2018-02-21,0.15,0.15,0.14,0.14,2217200.0,0.1328,0.0
2018-02-22,0.15,0.15,0.14,0.14,17760000.0,0.1328,0.0
2018-02-23,0.14,0.15,0.14,0.14,12245800.0,0.1328,0.0
2018-02-26,0.14,0.15,0.14,0.14,3062200.0,0.1328,0.0
2018-02-27,0.14,0.15,0.14,0.14,8667700.0,0.1328,0.0
2018-02-28,0.14,0.14,0.13,0.14,18544000.0,0.1328,0.0
2018-03-02,0.14,0.14,0.13,0.13,4839500.0,0.1233,-0.071536
2018-03-05,0.14,0.14,0.13,0.14,10536100.0,0.1328,0.077048
2018-03-06,0.13,0.13,0.13,0.13,1418000.0,0.1233,-0.071536
2018-03-07,0.13,0.14,0.12,0.12,10361300.0,0.1138,-0.077048
2018-03-08,0.13,0.13,0.12,0.12,3823500.0,0.1138,0.0
2018-03-09,0.13,0.13,0.12,0.13,17456100.0,0.1233,0.08348
2018-03-12,0.13,0.13,0.12,0.12,44968000.0,0.1138,-0.077048
2018-03-13,0.12,0.12,0.11,0.11,13358000.0,0.1043,-0.08348
2018-03-14,0.12,0.14,0.12,0.13,59321600.0,0.1233,0.182167
2018-03-15,0.13,0.14,0.13,0.13,11041200.0,0.1233,0.0
2018-03-16,0.13,0.14,0.12,0.14,3800900.0,0.1328,0.077048
2018-03-19,0.13,0.14,0.13,0.13,4954600.0,0.1233,-0.071536
2018-03-20,0.13,0.13,0.12,0.13,5203200.0,0.1233,0.0
2018-03-21,0.13,0.14,0.12,0.13,9254900.0,0.1233,0.0
2018-03-22,0.12,0.14,0.12,0.13,3595600.0,0.1233,0.0
2018-03-23,0.13,0.13,0.12,0.13,3277300.0,0.1233,0.0
2018-03-26,0.13,0.13,0.12,0.13,2364000.0,0.1233,0.0
2018-03-27,0.13,0.13,0.12,0.13,1037700.0,0.1233,0.0
2018-03-28,0.13,0.13,0.12,0.13,3449100.0,0.1233,0.0
2018-03-29,0.13,0.13,0.12,0.13,4714900.0,0.1233,0.0
2018-03-30,0.12,0.13,0.12,0.12,1526900.0,0.1138,-0.077048
2018-04-02,0.13,0.13,0.12,0.12,1169300.0,0.1138,0.0
2018-04-03,0.12,0.13,0.12,0.12,1095100.0,0.1138,0.0
2018-04-04,0.13,0.13,0.12,0.12,2805200.0,0.1138,0.0
2018-04-05,0.12,0.13,0.12,0.12,6269500.0,0.1138,0.0
2018-04-09,0.12,0.13,0.12,0.13,4722000.0,0.1233,0.08348
2018-04-10,0.12,0.13,0.12,0.13,2370300.0,0.1233,0.0
2018-04-11,0.12,0.13,0.12,0.12,1033100.0,0.1138,-0.077048
2018-04-12,0.12,0.13,0.12,0.13,959700.0,0.1233,0.08348
2018-04-17,0.13,0.13,0.12,0.12,10224100.0,0.1138,-0.077048
2018-04-18,0.13,0.14,0.12,0.13,23851800.0,0.1233,0.08348
2018-04-19,0.14,0.14,0.13,0.13,815200.0,0.1233,0.0
2018-04-20,0.13,0.14,0.13,0.14,3027300.0,0.1328,0.077048
2018-04-23,0.13,0.14,0.13,0.13,10733700.0,0.1233,-0.071536
2018-04-24,0.13,0.14,0.12,0.13,21772900.0,0.1233,0.0
2018-04-25,0.13,0.14,0.12,0.13,3875100.0,0.1233,0.0
2018-04-26,0.14,0.14,0.12,0.13,5893100.0,0.1233,0.0
2018-04-27,0.12,0.13,0.12,0.13,709800.0,0.1233,0.0
2018-04-30,0.13,0.13,0.12,0.13,1091100.0,0.1233,0.0
2018-05-02,0.13,0.13,0.12,0.13,2071000.0,0.1233,0.0
2018-05-03,0.13,0.13,0.12,0.12,2330900.0,0.1138,-0.077048
2018-05-04,0.12,0.13,0.12,0.13,1874900.0,0.1243,0.092267
2018-05-07,0.13,0.13,0.12,0.13,6478300.0,0.1243,0.0
2018-05-08,0.12,0.13,0.12,0.12,931400.0,0.1157,-0.069187
2018-05-09,0.12,0.13,0.12,0.12,1829900.0,0.1157,0.0
2018-05-10,0.13,0.13,0.12,0.12,4954500.0,0.1157,0.0
2018-05-11,0.13,0.13,0.12,0.13,578100.0,0.1254,0.083838
2018-05-14,0.12,0.13,0.12,0.12,2278000.0,0.1157,-0.077352
2018-05-15,0.13,0.14,0.13,0.13,23520700.0,0.1254,0.083838
2018-05-16,0.14,0.14,0.13,0.13,1877900.0,0.1254,0.0
2018-05-17,0.13,0.14,0.12,0.13,11241200.0,0.1254,0.0
2018-05-18,0.13,0.13,0.12,0.13,3237000.0,0.1254,0.0
2018-05-21,0.13,0.14,0.12,0.13,3028700.0,0.1254,0.0
2018-05-22,0.13,0.13,0.12,0.13,719600.0,0.1254,0.0
2018-05-23,0.13,0.13,0.12,0.13,1127000.0,0.1254,0.0
2018-05-24,0.13,0.13,0.12,0.12,1542500.0,0.1157,-0.077352
2018-05-25,0.12,0.13,0.12,0.13,858800.0,0.1254,0.083838
2018-05-28,0.13,0.13,0.12,0.12,1555000.0,0.1157,-0.077352
2018-05-30,0.13,0.13,0.12,0.13,2480500.0,0.1254,0.083838
2018-05-31,0.13,0.14,0.12,0.13,16117200.0,0.1254,0.0
2018-06-01,0.14,0.15,0.13,0.14,60789800.0,0.135,0.076555
2018-06-04,0.14,0.16,0.14,0.15,40411200.0,0.1446,0.071111
2018-06-05,0.16,0.17,0.15,0.16,64386700.0,0.1543,0.067082
2018-06-06,0.17,0.17,0.15,0.16,50862500.0,0.1543,0.0
2018-06-07,0.16,0.16,0.15,0.15,6511400.0,0.1446,-0.062865
2018-06-08,0.15,0.16,0.15,0.15,2417300.0,0.1446,0.0
2018-06-11,0.16,0.16,0.14,0.15,25920500.0,0.1446,0.0
2018-06-12,0.15,0.16,0.14,0.15,9990400.0,0.1446,0.0
2018-06-13,0.15,0.15,0.14,0.14,5985900.0,0.135,-0.06639
2018-06-14,0.15,0.15,0.14,0.14,4127400.0,0.135,0.0
2018-06-15,0.15,0.15,0.14,0.14,3943200.0,0.135,0.0
2018-06-18,0.15,0.15,0.14,0.14,39520600.0,0.135,0.0
2018-06-19,0.14,0.15,0.13,0.13,9169200.0,0.1254,-0.071111
2018-06-20,0.14,0.15,0.13,0.14,5997300.0,0.135,0.076555
2018-06-21,0.14,0.15,0.13,0.13,5608600.0,0.1254,-0.071111
2018-06-22,0.14,0.14,0.13,0.13,5821100.0,0.1254,0.0
2018-06-25,0.13,0.14,0.13,0.13,6256600.0,0.1254,0.0
2018-06-26,0.13,0.14,0.13,0.13,12434200.0,0.1254,0.0
2018-06-27,0.14,0.14,0.12,0.13,10713800.0,0.1254,0.0
2018-06-28,0.13,0.14,0.12,0.13,14060600.0,0.1254,0.0
2018-06-29,0.13,0.13,0.12,0.12,5695500.0,0.1157,-0.077352
2018-07-02,0.13,0.13,0.12,0.13,7096200.0,0.1254,0.083838
2018-07-03,0.13,0.14,0.12,0.13,8197400.0,0.1254,0.0
2018-07-04,0.13,0.14,0.12,0.12,6642200.0,0.1157,-0.077352
2018-07-05,0.13,0.14,0.12,0.12,3466000.0,0.1157,0.0
2018-07-06,0.13,0.13,0.12,0.13,3015900.0,0.1254,0.083838
2018-07-09,0.13,0.13,0.12,0.12,4518400.0,0.1157,-0.077352
2018-07-10,0.13,0.14,0.13,0.14,5388000.0,0.135,0.166811
2018-07-11,0.13,0.14,0.13,0.13,3173800.0,0.1254,-0.071111
2018-07-12,0.14,0.14,0.13,0.13,1772500.0,0.1254,0.0
2018-07-13,0.13,0.14,0.13,0.13,1441100.0,0.1254,0.0
2018-07-16,0.13,0.14,0.13,0.13,4779700.0,0.1254,0.0
2018-07-17,0.13,0.13,0.12,0.13,2847100.0,0.1254,0.0
2018-07-18,0.13,0.14,0.13,0.13,2146600.0,0.1254,0.0
2018-07-19,0.13,0.13,0.12,0.13,3084700.0,0.1254,0.0
2018-07-20,0.13,0.14,0.12,0.13,16818500.0,0.1254,0.0
2018-07-23,0.14,0.14,0.13,0.14,3255600.0,0.135,0.076555
2018-07-24,0.13,0.14,0.13,0.13,5526800.0,0.1254,-0.071111
2018-07-25,0.14,0.14,0.13,0.13,515600.0,0.1254,0.0
2018-07-26,0.13,0.14,0.13,0.13,3053900.0,0.1254,0.0
2018-07-31,0.13,0.14,0.12,0.14,3875000.0,0.135,0.076555
2018-08-01,0.13,0.14,0.13,0.13,1373600.0,0.1254,-0.071111
2018-08-02,0.13,0.14,0.13,0.13,751400.0,0.1254,0.0
2018-08-03,0.13,0.14,0.13,0.14,2158900.0,0.135,0.076555
2018-08-06,0.14,0.14,0.13,0.13,3079400.0,0.1254,-0.071111
2018-08-07,0.13,0.14,0.13,0.13,8971800.0,0.1254,0.0
2018-08-08,0.13,0.14,0.13,0.13,4961600.0,0.1254,0.0
2018-08-09,0.13,0.14,0.13,0.13,6565600.0,0.1254,0.0
2018-08-10,0.13,0.14,0.12,0.13,3725900.0,0.1254,0.0
2018-08-14,0.13,0.14,0.13,0.13,5354400.0,0.1254,0.0
2018-08-15,0.14,0.15,0.13,0.14,44307500.0,0.135,0.076555
2018-08-16,0.13,0.14,0.13,0.13,3089000.0,0.1254,-0.071111
2018-08-17,0.13,0.14,0.13,0.14,16054200.0,0.135,0.076555
2018-08-20,0.14,0.14,0.13,0.13,14001000.0,0.1254,-0.071111
2018-08-21,0.13,0.14,0.13,0.13,3916400.0,0.1254,0.0
2018-08-22,0.13,0.14,0.13,0.13,2518200.0,0.1254,0.0
2018-08-23,0.14,0.14,0.13,0.14,13321000.0,0.135,0.076555
2018-08-24,0.14,0.14,0.13,0.13,3898600.0,0.1254,-0.071111
2018-08-27,0.13,0.14,0.13,0.13,4178400.0,0.1254,0.0
2018-08-28,0.14,0.14,0.13,0.13,1793200.0,0.1254,0.0
2018-08-29,0.13,0.14,0.13,0.13,1447800.0,0.1254,0.0
2018-08-30,0.14,0.14,0.13,0.13,9003000.0,0.1254,0.0
2018-08-31,0.14,0.14,0.13,0.13,3981000.0,0.1254,0.0
2018-09-03,0.14,0.14,0.13,0.14,839700.0,0.135,0.076555
2018-09-04,0.13,0.14,0.13,0.13,5639200.0,0.1254,-0.071111
2018-09-05,0.13,0.14,0.13,0.13,16685300.0,0.1254,0.0
2018-09-06,0.14,0.14,0.13,0.13,7167900.0,0.1254,0.0
2018-09-07,0.13,0.14,0.13,0.13,2990700.0,0.1254,0.0
2018-09-10,0.13,0.13,0.12,0.13,31664800.0,0.1254,0.0
2018-09-11,0.13,0.14,0.12,0.13,26760200.0,0.1254,0.0
2018-09-12,0.12,0.13,0.12,0.12,3055600.0,0.1157,-0.077352
2018-09-13,0.13,0.13,0.12,0.13,2923000.0,0.1254,0.083838
2018-09-14,0.12,0.13,0.12,0.13,2905800.0,0.1254,0.0
2018-09-17,0.13,0.13,0.12,0.13,3860400.0,0.1254,0.0
2018-09-18,0.13,0.13,0.12,0.12,4556300.0,0.1157,-0.077352
2018-09-19,0.13,0.13,0.12,0.13,15783600.0,0.1254,0.083838
2018-09-20,0.13,0.13,0.12,0.13,3645200.0,0.1254,0.0
2018-09-21,0.13,0.13,0.12,0.13,9326400.0,0.1254,0.0
2018-09-24,0.13,0.13,0.12,0.12,6458900.0,0.1157,-0.077352
2018-09-25,0.13,0.13,0.12,0.12,3721000.0,0.1157,0.0
2018-09-26,0.12,0.13,0.12,0.12,9498800.0,0.1157,0.0
2018-09-27,0.13,0.13,0.12,0.13,1724000.0,0.1254,0.083838
2018-09-28,0.13,0.13,0.12,0.12,4172500.0,0.1157,-0.077352
2018-10-01,0.12,0.13,0.12,0.12,5339300.0,0.1157,0.0
2018-10-02,0.13,0.13,0.12,0.12,2520400.0,0.1157,0.0
2018-10-03,0.12,0.13,0.12,0.12,5075100.0,0.1157,0.0
2018-10-04,0.13,0.13,0.12,0.12,3285300.0,0.1157,0.0
2018-10-05,0.13,0.13,0.12,0.12,7440800.0,0.1157,0.0
2018-10-08,0.12,0.13,0.12,0.12,20562600.0,0.1157,0.0
2018-10-09,0.12,0.13,0.12,0.12,8224200.0,0.1157,0.0
2018-10-10,0.12,0.13,0.12,0.12,2325500.0,0.1157,0.0
2018-10-11,0.12,0.13,0.11,0.12,54399600.0,0.1157,0.0
2018-10-12,0.12,0.13,0.11,0.13,4559100.0,0.1254,0.083838
2018-10-16,0.12,0.13,0.12,0.12,1923200.0,0.1157,-0.077352
2018-10-17,0.13,0.13,0.12,0.13,1564700.0,0.1254,0.083838
2018-10-18,0.12,0.13,0.12,0.13,2710500.0,0.1254,0.0
2018-10-19,0.13,0.13,0.11,0.11,17513000.0,0.1061,-0.153907
2018-10-22,0.12,0.13,0.11,0.12,9000200.0,0.1157,0.090481
2018-10-24,0.12,0.12,0.11,0.11,3487800.0,0.1061,-0.082973
2018-10-25,0.11,0.12,0.11,0.12,2355600.0,0.1157,0.090481
2018-10-26,0.12,0.12,0.11,0.12,1739700.0,0.1157,0.0
2018-10-29,0.12,0.12,0.11,0.12,578400.0,0.1157,0.0
2018-10-30,0.12,0.12,0.11,0.11,6809000.0,0.1061,-0.082973
2018-10-31,0.11,0.12,0.11,0.12,576800.0,0.1157,0.090481
2018-11-01,0.12,0.12,0.11,0.11,1552600.0,0.1061,-0.082973
2018-11-02,0.12,0.12,0.11,0.12,2582400.0,0.1157,0.090481
2018-11-05,0.12,0.12,0.11,0.11,3357900.0,0.1061,-0.082973
2018-11-06,0.12,0.12,0.11,0.12,4187100.0,0.1157,0.090481
2018-11-07,0.12,0.12,0.11,0.11,1176500.0,0.1061,-0.082973
2018-11-08,0.12,0.12,0.11,0.12,5108800.0,0.1157,0.090481
2018-11-09,0.12,0.12,0.11,0.12,47634100.0,0.1157,0.0
2018-11-12,0.11,0.12,0.1,0.11,25405300.0,0.1061,-0.082973
2018-11-13,0.11,0.12,0.1,0.11,5194800.0,0.1061,0.0
2018-11-14,0.11,0.12,0.11,0.11,3235300.0,0.1061,0.0
2018-11-15,0.11,0.12,0.1,0.11,5476700.0,0.1061,0.0
2018-11-16,0.11,0.12,0.11,0.11,2587900.0,0.1061,0.0
2018-11-19,0.12,0.12,0.11,0.11,6334600.0,0.1061,0.0
2018-11-20,0.11,0.12,0.1,0.11,13232000.0,0.1061,0.0
2018-11-21,0.11,0.12,0.1,0.11,6727600.0,0.1061,0.0
2018-11-22,0.11,0.12,0.11,0.11,3699800.0,0.1061,0.0
2018-11-23,0.11,0.12,0.11,0.11,15156300.0,0.1061,0.0
2018-11-26,0.11,0.12,0.1,0.11,20233600.0,0.1061,0.0
2018-11-27,0.11,0.12,0.1,0.11,7891400.0,0.1061,0.0
2018-11-28,0.12,0.12,0.11,0.11,14180500.0,0.1061,0.0
2018-11-29,0.12,0.13,0.11,0.12,317967300.0,0.1157,0.090481
2018-11-30,0.12,0.13,0.11,0.12,138507400.0,0.1157,0.0
2018-12-03,0.12,0.13,0.11,0.13,123125400.0,0.1254,0.083838
2018-12-04,0.12,0.14,0.11,0.13,367679200.0,0.1254,0.0
2018-12-06,0.12,0.13,0.11,0.12,148645800.0,0.1157,-0.077352
2018-12-07,0.12,0.12,0.1,0.11,211883000.0,0.1061,-0.082973
2018-12-11,0.11,0.11,0.1,0.11,13828800.0,0.1061,0.0
2018-12-12,0.1,0.11,0.1,0.1,6489300.0,0.0964,-0.091423
2018-12-13,0.11,0.11,0.1,0.1,11964600.0,0.0964,0.0
2018-12-14,0.1,0.11,0.1,0.1,29277400.0,0.0964,0.0
2018-12-17,0.1,0.11,0.1,0.1,22514000.0,0.0964,0.0
2018-12-18,0.1,0.11,0.1,0.1,19007000.0,0.0964,0.0
2018-12-19,0.1,0.11,0.1,0.1,3915400.0,0.0964,0.0
2018-12-20,0.1,0.11,0.1,0.1,16022800.0,0.0964,0.0
2018-12-21,0.1,0.11,0.1,0.1,14351300.0,0.0964,0.0
2018-12-24,0.1,0.1,0.09,0.1,126220400.0,0.0964,0.0
2018-12-25,0.09,0.1,0.08,0.09,172383000.0,0.0868,-0.099585
2018-12-26,0.09,0.09,0.08,0.09,44609600.0,0.0868,0.0
2018-12-27,0.09,0.1,0.09,0.09,20982600.0,0.0868,0.0
2018-12-28,0.09,0.09,0.08,0.09,16101100.0,0.0868,0.0
2019-01-02,0.09,0.09,0.08,0.08,4401500.0,0.0771,-0.111751
2019-01-03,0.09,0.09,0.08,0.08,10252400.0,0.0771,0.0
2019-01-04,0.09,0.09,0.08,0.08,1190800.0,0.0771,0.0
2019-01-07,0.09,0.09,0.08,0.08,5364000.0,0.0771,0.0
2019-01-08,0.08,0.09,0.08,0.08,9761600.0,0.0771,0.0
2019-01-09,0.09,0.1,0.08,0.09,102819600.0,0.0868,0.125811
2019-01-10,0.09,0.1,0.09,0.09,3795400.0,0.0868,0.0
2019-01-11,0.09,0.1,0.09,0.09,3829200.0,0.0868,0.0
2019-01-14,0.1,0.1,0.09,0.09,27935100.0,0.0868,0.0
2019-01-15,0.09,0.1,0.08,0.09,69361200.0,0.0868,0.0
2019-01-16,0.08,0.1,0.08,0.09,24300600.0,0.0868,0.0
2019-01-17,0.09,0.1,0.09,0.09,3817500.0,0.0868,0.0
2019-01-18,0.09,0.1,0.08,0.08,43244200.0,0.0771,-0.111751
2019-01-21,0.09,0.09,0.08,0.08,10901700.0,0.0771,0.0
2019-01-22,0.08,0.09,0.08,0.08,15629300.0,0.0771,0.0
2019-01-23,0.09,0.09,0.08,0.08,18867700.0,0.0771,0.0
2019-01-24,0.09,0.09,0.08,0.09,41115800.0,0.0868,0.125811
2019-01-25,0.09,0.09,0.08,0.08,37991900.0,0.0771,-0.111751
2019-01-28,0.09,0.09,0.08,0.08,49239200.0,0.0771,0.0
2019-01-29,0.09,0.09,0.08,0.08,14850900.0,0.0771,0.0
2019-01-30,0.08,0.09,0.08,0.09,9869500.0,0.0868,0.125811
2019-01-31,0.09,0.1,0.08,0.09,31310700.0,0.0868,0.0
2019-02-01,0.09,0.1,0.09,0.09,28525000.0,0.0868,0.0
2019-02-04,0.09,0.1,0.09,0.1,12403000.0,0.0964,0.110599
2019-02-05,0.1,0.1,0.09,0.1,29609800.0,0.0964,0.0
2019-02-06,0.1,0.1,0.09,0.09,101965800.0,0.0868,-0.099585
2019-02-07,0.09,0.1,0.09,0.09,22569200.0,0.0868,0.0
2019-02-08,0.09,0.1,0.08,0.09,165689100.0,0.0868,0.0
2019-02-11,0.09,0.1,0.08,0.09,57835600.0,0.0868,0.0
2019-02-12,0.09,0.09,0.08,0.09,8838000.0,0.0868,0.0
2019-02-13,0.09,0.09,0.08,0.09,6659900.0,0.0868,0.0
2019-02-14,0.09,0.09,0.08,0.09,23314300.0,0.0868,0.0
2019-02-15,0.09,0.09,0.08,0.08,12140200.0,0.0771,-0.111751
2019-02-18,0.09,0.09,0.08,0.08,17634800.0,0.0771,0.0
2019-02-20,0.08,0.09,0.08,0.08,26396200.0,0.0771,0.0
2019-02-21,0.09,0.09,0.08,0.09,2906800.0,0.0868,0.125811
2019-02-22,0.09,0.09,0.08,0.08,8332100.0,0.0771,-0.111751
2019-02-25,0.09,0.09,0.08,0.08,23046500.0,0.0771,0.0
2019-02-26,0.08,0.09,0.08,0.08,16306800.0,0.0771,0.0
2019-02-27,0.09,0.09,0.08,0.09,5124300.0,0.0868,0.125811
2019-02-28,0.09,0.09,0.08,0.08,9432600.0,0.0771,-0.111751
2019-03-01,0.08,0.09,0.08,0.09,7036200.0,0.0868,0.125811
2019-03-04,0.09,0.09,0.08,0.09,3683800.0,0.0868,0.0
2019-03-05,0.09,0.09,0.08,0.08,16803900.0,0.0771,-0.111751
2019-03-06,0.09,0.09,0.08,0.09,12677500.0,0.0868,0.125811
2019-03-07,0.09,0.09,0.08,0.08,4471100.0,0.0771,-0.111751
2019-03-08,0.09,0.09,0.08,0.08,25292600.0,0.0771,0.0
2019-03-11,0.09,0.09,0.08,0.08,20987600.0,0.0771,0.0
2019-03-12,0.08,0.09,0.08,0.08,24540800.0,0.0771,0.0
2019-03-13,0.08,0.09,0.08,0.08,26482400.0,0.0771,0.0
2019-03-14,0.08,0.09,0.08,0.08,16300700.0,0.0771,0.0
2019-03-15,0.08,0.09,0.08,0.08,54291900.0,0.0771,0.0
2019-03-18,0.08,0.09,0.07,0.08,75834400.0,0.0771,0.0
2019-03-19,0.08,0.09,0.07,0.09,29020100.0,0.0868,0.125811
2019-03-20,0.09,0.09,0.08,0.08,19786700.0,0.0771,-0.111751
2019-03-21,0.09,0.09,0.08,0.08,2193700.0,0.0771,0.0
2019-03-22,0.08,0.1,0.08,0.1,118990900.0,0.0964,0.250324
2019-03-25,0.09,0.1,0.08,0.09,34574800.0,0.0868,-0.099585
2019-03-26,0.08,0.09,0.08,0.08,7840400.0,0.0771,-0.111751
2019-03-27,0.09,0.09,0.08,0.09,37579400.0,0.0868,0.125811
2019-03-28,0.09,0.09,0.08,0.08,14512000.0,0.0771,-0.111751
2019-03-29,0.08,0.09,0.08,0.08,17055800.0,0.0771,0.0
2019-04-01,0.09,0.09,0.08,0.09,3320000.0,0.0868,0.125811
2019-04-02,0.09,0.1,0.08,0.08,60224400.0,0.0771,-0.111751
2019-04-03,0.09,0.09,0.08,0.09,10550300.0,0.0868,0.125811
2019-04-04,0.09,0.09,0.08,0.09,6876000.0,0.0868,0.0
2019-04-05,0.09,0.1,0.08,0.09,102978800.0,0.0868,0.0
2019-04-09,0.09,0.1,0.09,0.1,8990900.0,0.0964,0.110599
2019-04-10,0.09,0.1,0.09,0.09,36885800.0,0.0868,-0.099585
2019-04-11,0.09,0.1,0.08,0.09,33444500.0,0.0868,0.0
2019-04-12,0.09,0.1,0.09,0.09,14663500.0,0.0868,0.0
2019-04-17,0.09,0.1,0.08,0.08,50257000.0,0.0771,-0.111751
2019-04-18,0.09,0.1,0.08,0.09,53067100.0,0.0868,0.125811
2019-04-19,0.09,0.1,0.09,0.09,28979500.0,0.0868,0.0
2019-04-22,0.09,0.1,0.09,0.09,5989100.0,0.0868,0.0
2019-04-23,0.1,0.1,0.08,0.09,7868400.0,0.0868,0.0
2019-04-24,0.09,0.09,0.08,0.09,1435100.0,0.0868,0.0
2019-04-25,0.09,0.09,0.08,0.09,5906800.0,0.0868,0.0
2019-04-26,0.09,0.09,0.08,0.09,1604300.0,0.0868,0.0
2019-04-29,0.09,0.09,0.08,0.09,5595000.0,0.0868,0.0
2019-04-30,0.09,0.09,0.08,0.08,17763800.0,0.0771,-0.111751
2019-05-02,0.08,0.09,0.08,0.08,11737400.0,0.0771,0.0
2019-05-03,0.09,0.09,0.08,0.09,3199700.0,0.09,0.167315
2019-05-07,0.09,0.09,0.08,0.09,5836200.0,0.09,0.0
2019-05-08,0.09,0.09,0.08,0.09,2081000.0,0.09,0.0
2019-05-09,0.09,0.09,0.08,0.09,4586900.0,0.09,0.0
2019-05-10,0.09,0.09,0.08,0.08,5738000.0,0.08,-0.111111
2019-05-13,0.08,0.09,0.08,0.08,1551300.0,0.08,0.0
2019-05-14,0.08,0.09,0.08,0.09,2231600.0,0.09,0.125
2019-05-15,0.09,0.09,0.08,0.08,18739000.0,0.08,-0.111111
2019-05-16,0.09,0.09,0.08,0.09,66774200.0,0.09,0.125
2019-05-17,0.09,0.09,0.08,0.09,4281700.0,0.09,0.0
2019-05-21,0.09,0.09,0.08,0.09,8360300.0,0.09,0.0
2019-05-22,0.09,0.09,0.08,0.09,34011500.0,0.09,0.0
2019-05-23,0.09,0.1,0.09,0.09,294791000.0,0.09,0.0
2019-05-24,0.09,0.1,0.09,0.1,23743000.0,0.1,0.111111
2019-05-27,0.1,0.1,0.09,0.09,16372900.0,0.09,-0.1
2019-05-28,0.09,0.1,0.09,0.09,182607700.0,0.09,0.0
2019-05-29,0.09,0.1,0.08,0.09,61837500.0,0.09,0.0
2019-05-30,0.09,0.1,0.09,0.1,18444600.0,0.1,0.111111
2019-05-31,0.09,0.1,0.09,0.09,105939900.0,0.09,-0.1
2019-06-04,0.1,0.1,0.09,0.09,36720600.0,0.09,0.0
2019-06-05,0.1,0.1,0.09,0.1,3953700.0,0.1,0.111111
2019-06-06,0.1,0.1,0.09,0.09,13351800.0,0.09,-0.1
2019-06-07,0.09,0.1,0.09,0.09,10802800.0,0.09,0.0
2019-06-10,0.09,0.1,0.09,0.09,6760800.0,0.09,0.0
2019-06-11,0.09,0.1,0.09,0.09,5870700.0,0.09,0.0
2019-06-12,0.1,0.1,0.09,0.09,12757900.0,0.09,0.0
2019-06-13,0.09,0.1,0.09,0.09,11548000.0,0.09,0.0
2019-06-14,0.09,0.1,0.09,0.09,7127100.0,0.09,0.0
2019-06-17,0.1,0.1,0.08,0.09,61804000.0,0.09,0.0
2019-06-18,0.09,0.1,0.08,0.09,94696100.0,0.09,0.0
2019-06-19,0.09,0.1,0.08,0.09,46172000.0,0.09,0.0
2019-06-20,0.09,0.09,0.08,0.09,21578100.0,0.09,0.0
2019-06-21,0.09,0.09,0.08,0.09,52883000.0,0.09,0.0
2019-06-24,0.09,0.09,0.08,0.09,31682500.0,0.09,0.0
2019-06-25,0.09,0.09,0.08,0.09,3646100.0,0.09,0.0
2019-06-26,0.09,0.09,0.08,0.09,8782600.0,0.09,0.0
2019-06-27,0.08,0.09,0.08,0.09,5489300.0,0.09,0.0
2019-06-28,0.09,0.09,0.08,0.09,6847900.0,0.09,0.0
2019-07-01,0.09,0.09,0.08,0.08,220553900.0,0.08,-0.111111
2019-07-02,0.08,0.09,0.08,0.08,31526600.0,0.08,0.0
2019-07-03,0.09,0.09,0.08,0.08,43864300.0,0.08,0.0
2019-07-04,0.08,0.09,0.08,0.08,55558400.0,0.08,0.0
2019-07-05,0.08,0.09,0.08,0.08,6165200.0,0.08,0.0
2019-07-08,0.09,0.09,0.08,0.08,5252600.0,0.08,0.0
2019-07-09,0.08,0.09,0.08,0.08,10863400.0,0.08,0.0
2019-07-10,0.08,0.09,0.08,0.08,17484800.0,0.08,0.0
2019-07-11,0.08,0.09,0.08,0.08,5826500.0,0.08,0.0
2019-07-12,0.08,0.09,0.08,0.08,7479800.0,0.08,0.0
2019-07-15,0.08,0.09,0.07,0.08,52550100.0,0.08,0.0
2019-07-17,0.08,0.08,0.07,0.08,92577600.0,0.08,0.0
2019-07-18,0.07,0.08,0.07,0.08,7382500.0,0.08,0.0
2019-07-19,0.08,0.08,0.07,0.08,15548500.0,0.08,0.0
2019-07-22,0.08,0.08,0.07,0.08,42852900.0,0.08,0.0
2019-07-23,0.08,0.09,0.08,0.08,32112000.0,0.08,0.0
2019-07-24,0.08,0.09,0.08,0.08,7192700.0,0.08,0.0
2019-07-25,0.08,0.09,0.08,0.08,2603300.0,0.08,0.0
2019-07-26,0.08,0.09,0.08,0.08,9377100.0,0.08,0.0
2019-07-30,0.08,0.09,0.08,0.08,26136300.0,0.08,0.0
2019-07-31,0.08,0.09,0.08,0.08,5802200.0,0.08,0.0
2019-08-01,0.08,0.09,0.07,0.08,12111100.0,0.08,0.0
2019-08-02,0.08,0.08,0.07,0.08,7526200.0,0.08,0.0
2019-08-05,0.08,0.08,0.07,0.08,4874600.0,0.08,0.0
2019-08-06,0.08,0.09,0.07,0.08,43180600.0,0.08,0.0
2019-08-07,0.08,0.09,0.07,0.08,17516900.0,0.08,0.0
2019-08-08,0.08,0.09,0.07,0.08,4528100.0,0.08,0.0
2019-08-09,0.08,0.09,0.08,0.09,58357200.0,0.09,0.125
2019-08-13,0.09,0.09,0.08,0.08,36538600.0,0.08,-0.111111
2019-08-14,0.08,0.09,0.08,0.09,11851500.0,0.09,0.125
2019-08-15,0.08,0.09,0.08,0.08,115177700.0,0.08,-0.111111
2019-08-16,0.08,0.09,0.08,0.09,13803400.0,0.09,0.125
2019-08-19,0.08,0.09,0.08,0.08,13363800.0,0.08,-0.111111
2019-08-20,0.09,0.09,0.08,0.08,19272400.0,0.08,0.0
2019-08-21,0.08,0.09,0.08,0.08,20642900.0,0.08,0.0
2019-08-22,0.09,0.09,0.08,0.08,5285700.0,0.08,0.0
2019-08-23,0.09,0.09,0.08,0.08,13580100.0,0.08,0.0
2019-08-26,0.09,0.09,0.08,0.09,7939100.0,0.09,0.125
2019-08-27,0.08,0.09,0.08,0.09,12399800.0,0.09,0.0
2019-08-28,0.08,0.09,0.08,0.08,66221200.0,0.08,-0.111111
2019-08-29,0.09,0.09,0.08,0.09,11795000.0,0.09,0.125
2019-08-30,0.08,0.09,0.08,0.08,2575900.0,0.08,-0.111111
2019-09-02,0.09,0.09,0.08,0.08,23536500.0,0.08,0.0
2019-09-03,0.09,0.09,0.07,0.08,51624700.0,0.08,0.0
2019-09-04,0.08,0.09,0.08,0.08,7523100.0,0.08,0.0
2019-09-05,0.08,0.09,0.08,0.08,4128700.0,0.08,0.0
2019-09-06,0.08,0.09,0.08,0.08,1477000.0,0.08,0.0
2019-09-09,0.08,0.09,0.08,0.08,694700.0,0.08,0.0
2019-09-10,0.08,0.09,0.08,0.08,3981000.0,0.08,0.0
2019-09-11,0.08,0.09,0.07,0.09,43859700.0,0.09,0.125
2019-09-12,0.09,0.09,0.08,0.08,4974000.0,0.08,-0.111111
2019-09-13,0.08,0.09,0.08,0.08,10428900.0,0.08,0.0
2019-09-16,0.08,0.09,0.08,0.08,849200.0,0.08,0.0
2019-09-17,0.08,0.09,0.08,0.08,7390900.0,0.08,0.0
2019-09-18,0.08,0.09,0.08,0.08,3219500.0,0.08,0.0
2019-09-19,0.08,0.09,0.08,0.08,24455600.0,0.08,0.0
2019-09-20,0.08,0.09,0.08,0.08,1414700.0,0.08,0.0
2019-09-23,0.08,0.08,0.07,0.08,75113700.0,0.08,0.0
2019-09-24,0.08,0.08,0.07,0.07,1193800.0,0.07,-0.125
2019-09-25,0.08,0.08,0.07,0.07,130255800.0,0.07,0.0
2019-09-26,0.07,0.08,0.07,0.07,57042500.0,0.07,0.0
2019-09-27,0.08,0.08,0.07,0.07,2294100.0,0.07,0.0
2019-09-30,0.07,0.08,0.07,0.08,2478500.0,0.08,0.142857
2019-10-01,0.07,0.08,0.06,0.07,137102000.0,0.07,-0.125
2019-10-02,0.07,0.08,0.07,0.07,8604000.0,0.07,0.0
2019-10-03,0.08,0.08,0.07,0.07,11600400.0,0.07,0.0
2019-10-04,0.07,0.08,0.07,0.07,5452000.0,0.07,0.0
2019-10-07,0.07,0.08,0.07,0.07,4424600.0,0.07,0.0
2019-10-08,0.07,0.08,0.07,0.07,12335900.0,0.07,0.0
2019-10-09,0.07,0.08,0.07,0.07,3297300.0,0.07,0.0
2019-10-10,0.07,0.08,0.07,0.08,2501400.0,0.08,0.142857
2019-10-11,0.08,0.08,0.06,0.07,103082400.0,0.07,-0.125
2019-10-15,0.07,0.08,0.07,0.07,9382800.0,0.07,0.0
2019-10-16,0.07,0.08,0.07,0.07,5696100.0,0.07,0.0
2019-10-17,0.07,0.08,0.07,0.07,7710000.0,0.07,0.0
2019-10-18,0.07,0.08,0.06,0.07,10527700.0,0.07,0.0
2019-10-21,0.07,0.07,0.06,0.07,3429600.0,0.07,0.0
2019-10-22,0.07,0.07,0.06,0.07,2870000.0,0.07,0.0
2019-10-24,0.07,0.07,0.06,0.07,2341400.0,0.07,0.0
2019-10-25,0.07,0.07,0.06,0.07,8686700.0,0.07,0.0
2019-10-28,0.07,0.07,0.06,0.07,7546500.0,0.07,0.0
2019-10-29,0.07,0.07,0.06,0.07,7939000.0,0.07,0.0
2019-10-30,0.06,0.07,0.06,0.07,12080300.0,0.07,0.0
2019-10-31,0.07,0.08,0.06,0.06,24456600.0,0.06,-0.142857
2019-11-01,0.07,0.07,0.06,0.07,21048400.0,0.07,0.166667
2019-11-04,0.07,0.08,0.07,0.07,18522800.0,0.07,0.0
2019-11-05,0.07,0.08,0.07,0.08,3106100.0,0.08,0.142857
2019-11-06,0.08,0.08,0.07,0.07,4079500.0,0.07,-0.125
2019-11-07,0.07,0.08,0.07,0.08,11266400.0,0.08,0.142857
2019-11-08,0.07,0.08,0.07,0.07,7668800.0,0.07,-0.125
2019-11-11,0.08,0.08,0.07,0.07,2040200.0,0.07,0.0
2019-11-12,0.07,0.08,0.07,0.07,2878900.0,0.07,0.0
2019-11-13,0.07,0.08,0.07,0.07,14362400.0,0.07,0.0
2019-11-14,0.08,0.08,0.07,0.07,13478500.0,0.07,0.0
2019-11-15,0.07,0.08,0.07,0.07,25522800.0,0.07,0.0
2019-11-18,0.07,0.08,0.07,0.07,3483800.0,0.07,0.0
2019-11-19,0.07,0.08,0.07,0.07,2868200.0,0.07,0.0
2019-11-20,0.07,0.08,0.07,0.07,10380200.0,0.07,0.0
2019-11-21,0.07,0.08,0.07,0.07,13012000.0,0.07,0.0
2019-11-22,0.07,0.08,0.07,0.07,5149000.0,0.07,0.0
2019-11-25,0.07,0.08,0.07,0.07,2793200.0,0.07,0.0
2019-11-26,0.07,0.08,0.07,0.07,6430100.0,0.07,0.0
2019-11-27,0.07,0.08,0.07,0.07,3240200.0,0.07,0.0
2019-11-28,0.07,0.08,0.06,0.07,5001200.0,0.07,0.0
2019-11-29,0.08,0.08,0.07,0.07,7286200.0,0.07,0.0
2019-12-02,0.07,0.08,0.06,0.07,10764000.0,0.07,0.0
2019-12-03,0.07,0.08,0.06,0.07,17126200.0,0.07,0.0
2019-12-04,0.07,0.08,0.07,0.07,4612800.0,0.07,0.0
2019-12-06,0.08,0.08,0.07,0.07,3221200.0,0.07,0.0
2019-12-09,0.07,0.08,0.07,0.07,14945900.0,0.07,0.0
2019-12-11,0.07,0.08,0.07,0.07,4340400.0,0.07,0.0
2019-12-12,0.07,0.08,0.06,0.07,19543900.0,0.07,0.0
2019-12-13,0.07,0.08,0.07,0.07,6094300.0,0.07,0.0
2019-12-16,0.07,0.08,0.07,0.07,9809700.0,0.07,0.0
2019-12-17,0.07,0.08,0.07,0.07,8640200.0,0.07,0.0
2019-12-18,0.07,0.08,0.07,0.07,1730200.0,0.07,0.0
2019-12-19,0.08,0.08,0.07,0.07,2521300.0,0.07,0.0
2019-12-20,0.07,0.08,0.07,0.07,364200.0,0.07,0.0
2019-12-23,0.08,0.08,0.07,0.07,2457400.0,0.07,0.0
2019-12-24,0.07,0.08,0.07,0.07,2433300.0,0.07,0.0
2019-12-25,0.08,0.08,0.07,0.07,4257800.0,0.07,0.0
2019-12-26,0.07,0.07,0.07,0.07,1099600.0,0.07,0.0
2019-12-27,0.08,0.08,0.07,0.07,4610500.0,0.07,0.0
2019-12-30,0.07,0.08,0.07,0.08,11129500.0,0.08,0.142857
2020-01-02,0.07,0.08,0.07,0.07,3690000.0,0.07,-0.125
2020-01-03,0.08,0.08,0.07,0.07,1763800.0,0.07,0.0
2020-01-06,0.08,0.08,0.07,0.07,6409600.0,0.07,0.0
2020-01-07,0.08,0.08,0.07,0.08,3271600.0,0.08,0.142857
2020-01-08,0.08,0.08,0.07,0.07,3261400.0,0.07,-0.125
2020-01-09,0.07,0.08,0.07,0.08,20584100.0,0.08,0.142857
2020-01-10,0.08,0.09,0.08,0.08,123173400.0,0.08,0.0
2020-01-13,0.08,0.09,0.08,0.08,16807700.0,0.08,0.0
2020-01-14,0.08,0.09,0.08,0.08,14866100.0,0.08,0.0
